****************************PATTERN SUB-metal1-metal2_PLATE3L **********************************
    w1          w2        space     edgeSpace   |      c12         c1t         c1b        c1tb         c1e
0.04500000  0.04500000  0.02250000  0.04500000  |  -0.17884372 -0.01319443 -0.00417077 0.00000377  -0.00461923 
0.04500000  0.04500000  0.02250000  0.31500000  |  -0.18401922 -0.01484531 -0.00648018 -0.00000433 -0.00148078 
0.04500000  0.04500000  0.02250000  4.50000000  |  -0.18341227 -0.01563090 -0.00697251 -0.00000646 0.00000000  
0.04500000  0.04500000  0.04050000  0.04500000  |  -0.10386439 -0.01560027 -0.00463701 0.00000433  -0.00419243 
0.04500000  0.04500000  0.04050000  0.31500000  |  -0.10844140 -0.01704031 -0.00691707 -0.00000554 -0.00143984 
0.04500000  0.04500000  0.04050000  4.50000000  |  -0.10867326 -0.01786752 -0.00742647 -0.00001392 0.00000000  
0.04500000  0.04500000  0.04500000  0.04500000  |  -0.09433100 -0.01618652 -0.00475542 0.00000448  -0.00409954 
0.04500000  0.04500000  0.04500000  0.31500000  |  -0.09871374 -0.01759437 -0.00703537 -0.00000577 -0.00140645 
0.04500000  0.04500000  0.04500000  4.50000000  |  -0.09907738 -0.01841566 -0.00754765 -0.00001453 0.00000000  
0.04500000  0.04500000  0.09000000  0.04500000  |  -0.04760437 -0.02169217 -0.00593332 -0.00000750 -0.00348212 
0.04500000  0.04500000  0.09000000  0.31500000  |  -0.05166505 -0.02309301 -0.00820010 -0.00001715 -0.00122185 
0.04500000  0.04500000  0.09000000  4.50000000  |  -0.05174495 -0.02369675 -0.00861228 -0.00003039 0.00000000  
0.04500000  0.04500000  0.13500000  0.04500000  |  -0.02985115 -0.02642786 -0.00704330 -0.00008852 -0.00291863 
0.04500000  0.04500000  0.13500000  0.31500000  |  -0.03306233 -0.02774219 -0.00934628 -0.00007042 -0.00103201 
0.04500000  0.04500000  0.13500000  4.50000000  |  -0.03351712 -0.02812989 -0.00966779 -0.00009189 0.00000000  
0.04500000  0.04500000  0.18000000  0.04500000  |  -0.02031460 -0.03003593 -0.00811034 -0.00035963 -0.00243339 
0.04500000  0.04500000  0.18000000  0.31500000  |  -0.02291450 -0.03126399 -0.01035146 -0.00036171 -0.00084428 
0.04500000  0.04500000  0.18000000  4.50000000  |  -0.02324087 -0.03159201 -0.01063567 -0.00037414 0.00000000  
0.04500000  0.04500000  0.22500000  0.04500000  |  -0.01449373 -0.03262553 -0.00895839 -0.00087192 -0.00197876 
0.04500000  0.04500000  0.22500000  0.31500000  |  -0.01646239 -0.03416197 -0.01120198 -0.00091445 -0.00079376 
0.04500000  0.04500000  0.22500000  4.50000000  |  -0.01680164 -0.03450494 -0.01157902 -0.00092809 0.00000000  
0.04500000  0.04500000  0.31500000  0.04500000  |  -0.00786763 -0.03658046 -0.01025158 -0.00279749 -0.00124863 
0.04500000  0.04500000  0.31500000  0.31500000  |  -0.00930275 -0.03804314 -0.01258014 -0.00285399 -0.00051809 
0.04500000  0.04500000  0.31500000  4.50000000  |  -0.00938183 -0.03827107 -0.01280195 -0.00286956 0.00000000  
0.04500000  0.04500000  0.45000000  0.04500000  |  -0.00352141 -0.03931047 -0.01142671 -0.00753985 -0.00063679 
0.04500000  0.04500000  0.45000000  0.31500000  |  -0.00435942 -0.04106521 -0.01375399 -0.00761909 -0.00020153 
0.04500000  0.04500000  0.45000000  4.50000000  |  -0.00435401 -0.04120903 -0.01400104 -0.00768249 0.00000000  
0.04500000  0.04500000  0.63000000  0.04500000  |  -0.00133899 -0.04122410 -0.01213437 -0.01629972 -0.00019917 
0.04500000  0.04500000  0.63000000  0.31500000  |  -0.00164067 -0.04293853 -0.01458434 -0.01642919 -0.00007583 
0.04500000  0.04500000  0.63000000  4.50000000  |  -0.00168640 -0.04292893 -0.01476754 -0.01645541 0.00000000  
0.04500000  0.04500000  0.81000000  0.04500000  |  -0.00055231 -0.04186221 -0.01242111 -0.02628601 -0.00008439 
0.04500000  0.04500000  0.81000000  0.31500000  |  -0.00068146 -0.04360900 -0.01491166 -0.02646048 -0.00003258 
0.04500000  0.04500000  0.81000000  4.50000000  |  -0.00065695 -0.04350752 -0.01505749 -0.02643671 0.00000000  
0.04500000  0.04500000  4.50000000  0.04500000  |  0.00000000  -0.04225434 -0.01262326 -0.26927536 0.00000000  
0.04500000  0.04500000  4.50000000  0.31500000  |  0.00000000  -0.04394546 -0.01506280 -0.26935690 0.00000000  
0.04500000  0.04500000  4.50000000  4.50000000  |  0.00000000  -0.04398090 -0.01524299 -0.26925508 0.00000000  
0.04500000  0.13500000  0.02250000  0.04500000  |  -0.18280513 -0.01261689 -0.00380322 0.00000226  -0.00150351 
0.04500000  0.13500000  0.02250000  0.31500000  |  -0.18647405 -0.01363080 -0.00583410 0.00001628  -0.00062119 
0.04500000  0.13500000  0.02250000  4.50000000  |  -0.18579291 -0.01398815 -0.00612706 -0.00000625 0.00000000  
0.04500000  0.13500000  0.04050000  0.04500000  |  -0.10756544 -0.01507079 -0.00427466 0.00000382  -0.00143642 
0.04500000  0.13500000  0.04050000  0.31500000  |  -0.11111332 -0.01610819 -0.00635175 0.00001277  -0.00060838 
0.04500000  0.13500000  0.04050000  4.50000000  |  -0.11112389 -0.01640672 -0.00664878 -0.00000378 0.00000000  
0.04500000  0.13500000  0.04500000  0.04500000  |  -0.09797122 -0.01564840 -0.00439472 0.00000689  -0.00142187 
0.04500000  0.13500000  0.04500000  0.31500000  |  -0.10118443 -0.01681505 -0.00646238 0.00002715  -0.00067129 
0.04500000  0.13500000  0.04500000  4.50000000  |  -0.10157541 -0.01695713 -0.00676651 -0.00000754 0.00000000  
0.04500000  0.13500000  0.09000000  0.04500000  |  -0.05053211 -0.02122217 -0.00563058 -0.00000582 -0.00125797 
0.04500000  0.13500000  0.09000000  0.31500000  |  -0.05368995 -0.02236630 -0.00769521 -0.00000866 -0.00056879 
0.04500000  0.13500000  0.09000000  4.50000000  |  -0.05352779 -0.02264771 -0.00797286 -0.00002225 0.00000000  
0.04500000  0.13500000  0.13500000  0.04500000  |  -0.03212314 -0.02603780 -0.00675861 -0.00010174 -0.00115089 
0.04500000  0.13500000  0.13500000  0.31500000  |  -0.03451922 -0.02718699 -0.00891345 -0.00014835 -0.00050079 
0.04500000  0.13500000  0.13500000  4.50000000  |  -0.03475567 -0.02737429 -0.00916920 -0.00014217 0.00000000  
0.04500000  0.13500000  0.18000000  0.04500000  |  -0.02231527 -0.02968254 -0.00782730 -0.00041273 -0.00101851 
0.04500000  0.13500000  0.18000000  0.31500000  |  -0.02422150 -0.03089395 -0.00999371 -0.00048622 -0.00042668 
0.04500000  0.13500000  0.18000000  4.50000000  |  -0.02457765 -0.03088251 -0.01025385 -0.00043721 0.00000000  
0.04500000  0.13500000  0.22500000  0.04500000  |  -0.01596005 -0.03257986 -0.00871340 -0.00100696 -0.00085659 
0.04500000  0.13500000  0.22500000  0.31500000  |  -0.01777415 -0.03369294 -0.01087196 -0.00098432 -0.00032518 
0.04500000  0.13500000  0.22500000  4.50000000  |  -0.01815716 -0.03370411 -0.01116820 -0.00102961 0.00000000  
0.04500000  0.13500000  0.31500000  0.04500000  |  -0.00874474 -0.03624120 -0.01009060 -0.00300564 -0.00058093 
0.04500000  0.13500000  0.31500000  0.31500000  |  -0.00981806 -0.03788022 -0.01233791 -0.00301575 -0.00027403 
0.04500000  0.13500000  0.31500000  4.50000000  |  -0.00987398 -0.03805270 -0.01267807 -0.00305363 0.00000000  
0.04500000  0.13500000  0.45000000  0.04500000  |  -0.00388907 -0.03935503 -0.01134970 -0.00796942 -0.00027168 
0.04500000  0.13500000  0.45000000  0.31500000  |  -0.00437516 -0.04107748 -0.01378706 -0.00801989 -0.00015591 
0.04500000  0.13500000  0.45000000  4.50000000  |  -0.00452668 -0.04123388 -0.01395406 -0.00803063 0.00000000  
0.04500000  0.13500000  0.63000000  0.04500000  |  -0.00144010 -0.04128240 -0.01211746 -0.01677141 -0.00010292 
0.04500000  0.13500000  0.63000000  0.31500000  |  -0.00172102 -0.04291015 -0.01457709 -0.01684659 -0.00004826 
0.04500000  0.13500000  0.63000000  4.50000000  |  -0.00170450 -0.04301535 -0.01478907 -0.01686454 0.00000000  
0.04500000  0.13500000  0.81000000  0.04500000  |  -0.00055075 -0.04163059 -0.01239149 -0.02695708 -0.00005872 
0.04500000  0.13500000  0.81000000  0.31500000  |  -0.00066591 -0.04347166 -0.01478820 -0.02706297 -0.00001749 
0.04500000  0.13500000  0.81000000  4.50000000  |  -0.00057139 -0.04365901 -0.01509075 -0.02701194 0.00000000  
0.04500000  0.13500000  4.50000000  0.04500000  |  0.00000000  -0.04204779 -0.01263368 -0.27199552 0.00000000  
0.04500000  0.13500000  4.50000000  0.31500000  |  0.00000000  -0.04394113 -0.01508199 -0.27221967 0.00000000  
0.04500000  0.13500000  4.50000000  4.50000000  |  0.00000000  -0.04401805 -0.01524232 -0.27185133 0.00000000  
0.04500000  0.90000000  0.02250000  0.04500000  |  -0.18465300 -0.01252298 -0.00370018 0.00000506  -0.00000140 
0.04500000  0.90000000  0.02250000  0.31500000  |  -0.18857296 -0.01338078 -0.00553833 -0.00000276 -0.00000074 
0.04500000  0.90000000  0.02250000  4.50000000  |  -0.18891873 -0.01332418 -0.00568263 -0.00001014 0.00000000  
0.04500000  0.90000000  0.04050000  0.04500000  |  -0.10911507 -0.01493711 -0.00418748 0.00000600  -0.00000136 
0.04500000  0.90000000  0.04050000  0.31500000  |  -0.11252941 -0.01584645 -0.00605274 -0.00000255 -0.00000147 
0.04500000  0.90000000  0.04050000  4.50000000  |  -0.11247599 -0.01574348 -0.00621185 -0.00000923 0.00000000  
0.04500000  0.90000000  0.04500000  0.04500000  |  -0.09929389 -0.01557402 -0.00430982 0.00000644  -0.00000404 
0.04500000  0.90000000  0.04500000  0.31500000  |  -0.10275112 -0.01646776 -0.00618222 -0.00000457 -0.00000171 
0.04500000  0.90000000  0.04500000  4.50000000  |  -0.10284166 -0.01634819 -0.00635421 -0.00000846 0.00000000  
0.04500000  0.90000000  0.09000000  0.04500000  |  -0.05215182 -0.02118821 -0.00550741 -0.00002123 -0.00000086 
0.04500000  0.90000000  0.09000000  0.31500000  |  -0.05434619 -0.02219678 -0.00748552 -0.00001851 -0.00000291 
0.04500000  0.90000000  0.09000000  4.50000000  |  -0.05445795 -0.02224633 -0.00763387 -0.00005464 0.00000000  
0.04500000  0.90000000  0.13500000  0.04500000  |  -0.03352301 -0.02568145 -0.00666732 -0.00014794 -0.00000228 
0.04500000  0.90000000  0.13500000  0.31500000  |  -0.03552920 -0.02698421 -0.00872256 -0.00021243 -0.00000078 
0.04500000  0.90000000  0.13500000  4.50000000  |  -0.03546087 -0.02703110 -0.00884768 -0.00021117 0.00000000  
0.04500000  0.90000000  0.18000000  0.04500000  |  -0.02343064 -0.02946488 -0.00771243 -0.00058068 0.00000155  
0.04500000  0.90000000  0.18000000  0.31500000  |  -0.02493849 -0.03083978 -0.00984474 -0.00061820 0.00000039  
0.04500000  0.90000000  0.18000000  4.50000000  |  -0.02505579 -0.03073667 -0.00999714 -0.00064569 0.00000000  
0.04500000  0.90000000  0.22500000  0.04500000  |  -0.01705747 -0.03255657 -0.00864415 -0.00129858 -0.00000146 
0.04500000  0.90000000  0.22500000  0.31500000  |  -0.01811816 -0.03375905 -0.01078293 -0.00134368 -0.00000042 
0.04500000  0.90000000  0.22500000  4.50000000  |  -0.01823701 -0.03381553 -0.01097873 -0.00130665 0.00000000  
0.04500000  0.90000000  0.31500000  0.04500000  |  -0.00947685 -0.03635849 -0.01005173 -0.00368503 -0.00000093 
0.04500000  0.90000000  0.31500000  0.31500000  |  -0.01019714 -0.03788258 -0.01231678 -0.00368467 -0.00000031 
0.04500000  0.90000000  0.31500000  4.50000000  |  -0.01054537 -0.03771411 -0.01246210 -0.00372074 0.00000000  
0.04500000  0.90000000  0.45000000  0.04500000  |  -0.00428617 -0.03941648 -0.01133232 -0.00895428 -0.00000296 
0.04500000  0.90000000  0.45000000  0.31500000  |  -0.00470087 -0.04088939 -0.01371903 -0.00902569 -0.00000223 
0.04500000  0.90000000  0.45000000  4.50000000  |  -0.00466847 -0.04102462 -0.01383247 -0.00906609 0.00000000  
0.04500000  0.90000000  0.63000000  0.04500000  |  -0.00155625 -0.04092838 -0.01210988 -0.01820332 -0.00000255 
0.04500000  0.90000000  0.63000000  0.31500000  |  -0.00179058 -0.04297785 -0.01453195 -0.01818700 -0.00000098 
0.04500000  0.90000000  0.63000000  4.50000000  |  -0.00171165 -0.04301812 -0.01475895 -0.01873358 0.00000000  
0.04500000  0.90000000  0.81000000  0.04500000  |  -0.00064230 -0.04150930 -0.01241686 -0.02831237 -0.00000159 
0.04500000  0.90000000  0.81000000  0.31500000  |  -0.00079343 -0.04336533 -0.01489146 -0.02842736 -0.00000181 
0.04500000  0.90000000  0.81000000  4.50000000  |  -0.00070177 -0.04368559 -0.01508079 -0.02844474 0.00000000  
0.04500000  0.90000000  4.50000000  0.04500000  |  0.00000000  -0.04217073 -0.01261911 -0.29523185 0.00000000  
0.04500000  0.90000000  4.50000000  0.31500000  |  0.00000000  -0.04389061 -0.01505362 -0.29567528 0.00000000  
0.04500000  0.90000000  4.50000000  4.50000000  |  0.00000000  -0.04401430 -0.01533225 -0.29525147 0.00000000  
0.13500000  0.04500000  0.02250000  0.04500000  |  -0.18277168 -0.02906497 -0.00866822 0.00000240  -0.00634185 
0.13500000  0.04500000  0.02250000  0.31500000  |  -0.18613989 -0.02970715 -0.01063936 0.00001628  -0.00201120 
0.13500000  0.04500000  0.02250000  4.50000000  |  -0.18625892 -0.03111852 -0.01129583 0.00000011  0.00000000  
0.13500000  0.04500000  0.04050000  0.04500000  |  -0.10748133 -0.03183838 -0.00919168 0.00000096  -0.00569130 
0.13500000  0.04500000  0.04050000  0.31500000  |  -0.11090166 -0.03241926 -0.01117453 0.00001988  -0.00173556 
0.13500000  0.04500000  0.04050000  4.50000000  |  -0.11096359 -0.03322858 -0.01174588 -0.00000669 0.00000000  
0.13500000  0.04500000  0.04500000  0.04500000  |  -0.09770570 -0.03237387 -0.00933371 0.00000650  -0.00548860 
0.13500000  0.04500000  0.04500000  0.31500000  |  -0.10120183 -0.03327698 -0.01129307 0.00002715  -0.00169924 
0.13500000  0.04500000  0.04500000  4.50000000  |  -0.10192085 -0.03393240 -0.01186473 -0.00000754 0.00000000  
0.13500000  0.04500000  0.09000000  0.04500000  |  -0.05046386 -0.03838936 -0.01065137 -0.00000586 -0.00433611 
0.13500000  0.04500000  0.09000000  0.31500000  |  -0.05355029 -0.03921369 -0.01255610 -0.00000867 -0.00145110 
0.13500000  0.04500000  0.09000000  4.50000000  |  -0.05352817 -0.04000746 -0.01304909 -0.00002226 0.00000000  
0.13500000  0.04500000  0.13500000  0.04500000  |  -0.03200751 -0.04340166 -0.01191715 -0.00010185 -0.00360251 
0.13500000  0.04500000  0.13500000  0.31500000  |  -0.03467396 -0.04396624 -0.01379203 -0.00014836 -0.00117248 
0.13500000  0.04500000  0.13500000  4.50000000  |  -0.03474803 -0.04459620 -0.01416744 -0.00012125 0.00000000  
0.13500000  0.04500000  0.18000000  0.04500000  |  -0.02202800 -0.04715886 -0.01310987 -0.00041453 -0.00292908 
0.13500000  0.04500000  0.18000000  0.31500000  |  -0.02443669 -0.04772289 -0.01486716 -0.00048611 -0.00106206 
0.13500000  0.04500000  0.18000000  4.50000000  |  -0.02428409 -0.04822746 -0.01524845 -0.00043715 0.00000000  
0.13500000  0.04500000  0.22500000  0.04500000  |  -0.01583444 -0.05029020 -0.01412148 -0.00099163 -0.00233798 
0.13500000  0.04500000  0.22500000  0.31500000  |  -0.01780810 -0.05044110 -0.01588196 -0.00098440 -0.00076581 
0.13500000  0.04500000  0.22500000  4.50000000  |  -0.01790882 -0.05078843 -0.01614306 -0.00102955 0.00000000  
0.13500000  0.04500000  0.31500000  0.04500000  |  -0.00883305 -0.05431319 -0.01564169 -0.00300607 -0.00143722 
0.13500000  0.04500000  0.31500000  0.31500000  |  -0.01004153 -0.05477753 -0.01748654 -0.00301785 -0.00046390 
0.13500000  0.04500000  0.31500000  4.50000000  |  -0.01031823 -0.05466687 -0.01762374 -0.00305354 0.00000000  
0.13500000  0.04500000  0.45000000  0.04500000  |  -0.00404230 -0.05754169 -0.01699037 -0.00796151 -0.00069149 
0.13500000  0.04500000  0.45000000  0.31500000  |  -0.00462866 -0.05786432 -0.01876987 -0.00801838 -0.00021166 
0.13500000  0.04500000  0.45000000  4.50000000  |  -0.00475862 -0.05818761 -0.01899396 -0.00803221 0.00000000  
0.13500000  0.04500000  0.63000000  0.04500000  |  -0.00151679 -0.05937992 -0.01784836 -0.01683761 -0.00023844 
0.13500000  0.04500000  0.63000000  0.31500000  |  -0.00178672 -0.05967712 -0.01963114 -0.01684768 -0.00008139 
0.13500000  0.04500000  0.63000000  4.50000000  |  -0.00174803 -0.05970532 -0.01976700 -0.01686374 0.00000000  
0.13500000  0.04500000  0.81000000  0.04500000  |  -0.00068789 -0.05992839 -0.01806452 -0.02689244 -0.00006843 
0.13500000  0.04500000  0.81000000  0.31500000  |  -0.00077854 -0.06034650 -0.01992850 -0.02701531 -0.00002756 
0.13500000  0.04500000  0.81000000  4.50000000  |  -0.00076588 -0.06048481 -0.02010821 -0.02701074 0.00000000  
0.13500000  0.04500000  4.50000000  0.04500000  |  0.00000000  -0.06059873 -0.01837696 -0.27002083 0.00000000  
0.13500000  0.04500000  4.50000000  0.31500000  |  0.00000000  -0.06085795 -0.02013306 -0.26990871 0.00000000  
0.13500000  0.04500000  4.50000000  4.50000000  |  0.00000000  -0.06093161 -0.02027285 -0.26980263 0.00000000  
0.13500000  0.13500000  0.02250000  0.04500000  |  -0.18861038 -0.02816833 -0.00811473 0.00000410  -0.00233846 
0.13500000  0.13500000  0.02250000  0.31500000  |  -0.19085469 -0.02868838 -0.00991154 0.00004266  -0.00082890 
0.13500000  0.13500000  0.02250000  4.50000000  |  -0.19086468 -0.02920148 -0.01025238 -0.00000059 0.00000000  
0.13500000  0.13500000  0.04050000  0.04500000  |  -0.11249132 -0.03105998 -0.00867198 0.00000033  -0.00218845 
0.13500000  0.13500000  0.04050000  0.31500000  |  -0.11429061 -0.03141252 -0.01046868 0.00004465  -0.00076925 
0.13500000  0.13500000  0.04050000  4.50000000  |  -0.11442345 -0.03185255 -0.01078111 -0.00000019 0.00000000  
0.13500000  0.13500000  0.04500000  0.04500000  |  -0.10257781 -0.03189975 -0.00882120 0.00000464  -0.00210432 
0.13500000  0.13500000  0.04500000  0.31500000  |  -0.10442162 -0.03210248 -0.01059975 0.00004487  -0.00075460 
0.13500000  0.13500000  0.04500000  4.50000000  |  -0.10409495 -0.03244128 -0.01086784 -0.00000000 0.00000000  
0.13500000  0.13500000  0.09000000  0.04500000  |  -0.05388605 -0.03791187 -0.01022800 -0.00000857 -0.00178085 
0.13500000  0.13500000  0.09000000  0.31500000  |  -0.05583704 -0.03809417 -0.01198295 -0.00002053 -0.00068071 
0.13500000  0.13500000  0.09000000  4.50000000  |  -0.05560815 -0.03838299 -0.01224556 -0.00001402 0.00000000  
0.13500000  0.13500000  0.13500000  0.04500000  |  -0.03499613 -0.04298568 -0.01158235 -0.00015807 -0.00149911 
0.13500000  0.13500000  0.13500000  0.31500000  |  -0.03645394 -0.04325464 -0.01336112 -0.00013221 -0.00058004 
0.13500000  0.13500000  0.13500000  4.50000000  |  -0.03658464 -0.04356268 -0.01360403 -0.00013637 0.00000000  
0.13500000  0.13500000  0.18000000  0.04500000  |  -0.02435680 -0.04714349 -0.01281071 -0.00050460 -0.00123559 
0.13500000  0.13500000  0.18000000  0.31500000  |  -0.02562840 -0.04724282 -0.01459787 -0.00050415 -0.00048427 
0.13500000  0.13500000  0.18000000  4.50000000  |  -0.02563022 -0.04726950 -0.01477177 -0.00052698 0.00000000  
0.13500000  0.13500000  0.22500000  0.04500000  |  -0.01779202 -0.05004030 -0.01386414 -0.00110552 -0.00101817 
0.13500000  0.13500000  0.22500000  0.31500000  |  -0.01857056 -0.05020714 -0.01558137 -0.00106864 -0.00037758 
0.13500000  0.13500000  0.22500000  4.50000000  |  -0.01886763 -0.05058562 -0.01580518 -0.00110751 0.00000000  
0.13500000  0.13500000  0.31500000  0.04500000  |  -0.00990176 -0.05411473 -0.01548971 -0.00329977 -0.00066292 
0.13500000  0.13500000  0.31500000  0.31500000  |  -0.01054305 -0.05433632 -0.01724047 -0.00327308 -0.00023981 
0.13500000  0.13500000  0.31500000  4.50000000  |  -0.01054191 -0.05455079 -0.01738295 -0.00331973 0.00000000  
0.13500000  0.13500000  0.45000000  0.04500000  |  -0.00452327 -0.05739203 -0.01691996 -0.00834388 -0.00034997 
0.13500000  0.13500000  0.45000000  0.31500000  |  -0.00477556 -0.05782424 -0.01872042 -0.00834042 -0.00010278 
0.13500000  0.13500000  0.45000000  4.50000000  |  -0.00484067 -0.05774383 -0.01890857 -0.00836363 0.00000000  
0.13500000  0.13500000  0.63000000  0.04500000  |  -0.00181056 -0.05910932 -0.01772047 -0.01740609 -0.00012882 
0.13500000  0.13500000  0.63000000  0.31500000  |  -0.00188339 -0.05965546 -0.01955957 -0.01746698 -0.00003806 
0.13500000  0.13500000  0.63000000  4.50000000  |  -0.00175590 -0.06002872 -0.01981960 -0.01733828 0.00000000  
0.13500000  0.13500000  0.81000000  0.04500000  |  -0.00069216 -0.05989781 -0.01808346 -0.02762571 -0.00004250 
0.13500000  0.13500000  0.81000000  0.31500000  |  -0.00076876 -0.06038126 -0.01991339 -0.02747024 -0.00001727 
0.13500000  0.13500000  0.81000000  4.50000000  |  -0.00077719 -0.06071608 -0.02015059 -0.02750880 0.00000000  
0.13500000  0.13500000  4.50000000  0.04500000  |  0.00000000  -0.06058973 -0.01837111 -0.27268882 0.00000000  
0.13500000  0.13500000  4.50000000  0.31500000  |  0.00000000  -0.06088620 -0.02014108 -0.27282668 0.00000000  
0.13500000  0.13500000  4.50000000  4.50000000  |  0.00000000  -0.06090121 -0.02026365 -0.27230796 0.00000000  
0.13500000  0.90000000  0.02250000  0.04500000  |  -0.19112981 -0.02798152 -0.00795972 -0.00000006 -0.00000472 
0.13500000  0.90000000  0.02250000  0.31500000  |  -0.19280514 -0.02829988 -0.00950277 -0.00000073 -0.00000302 
0.13500000  0.90000000  0.02250000  4.50000000  |  -0.19170399 -0.02832933 -0.00963647 0.00001744  0.00000000  
0.13500000  0.90000000  0.04050000  0.04500000  |  -0.11498863 -0.03079555 -0.00852875 0.00000025  -0.00000530 
0.13500000  0.90000000  0.04050000  0.31500000  |  -0.11547485 -0.03105981 -0.01008297 0.00000013  -0.00000508 
0.13500000  0.90000000  0.04050000  4.50000000  |  -0.11616304 -0.03107544 -0.01022080 0.00001869  0.00000000  
0.13500000  0.90000000  0.04500000  0.04500000  |  -0.10509829 -0.03149997 -0.00866598 0.00000038  -0.00000335 
0.13500000  0.90000000  0.04500000  0.31500000  |  -0.10567048 -0.03173905 -0.01022872 0.00000022  -0.00000204 
0.13500000  0.90000000  0.04500000  4.50000000  |  -0.10628750 -0.03173552 -0.01036639 0.00001914  0.00000000  
0.13500000  0.90000000  0.09000000  0.04500000  |  -0.05607735 -0.03776291 -0.01007536 0.00000542  -0.00000775 
0.13500000  0.90000000  0.09000000  0.31500000  |  -0.05666151 -0.03781735 -0.01169076 -0.00000001 -0.00000250 
0.13500000  0.90000000  0.09000000  4.50000000  |  -0.05643864 -0.03784981 -0.01175407 -0.00002492 0.00000000  
0.13500000  0.90000000  0.13500000  0.04500000  |  -0.03664593 -0.04281468 -0.01145885 -0.00024328 -0.00000623 
0.13500000  0.90000000  0.13500000  0.31500000  |  -0.03734754 -0.04285427 -0.01307663 -0.00003262 -0.00000387 
0.13500000  0.90000000  0.13500000  4.50000000  |  -0.03730081 -0.04323078 -0.01316995 -0.00021667 0.00000000  
0.13500000  0.90000000  0.18000000  0.04500000  |  -0.02584033 -0.04675710 -0.01270590 -0.00067754 -0.00000523 
0.13500000  0.90000000  0.18000000  0.31500000  |  -0.02660259 -0.04663739 -0.01426552 -0.00062144 -0.00000494 
0.13500000  0.90000000  0.18000000  4.50000000  |  -0.02655506 -0.04708158 -0.01440331 -0.00070896 0.00000000  
0.13500000  0.90000000  0.22500000  0.04500000  |  -0.01888655 -0.04984991 -0.01377625 -0.00143356 -0.00000446 
0.13500000  0.90000000  0.22500000  0.31500000  |  -0.01937972 -0.04974878 -0.01540725 -0.00142368 -0.00000358 
0.13500000  0.90000000  0.22500000  4.50000000  |  -0.01945704 -0.04996398 -0.01549253 -0.00154392 0.00000000  
0.13500000  0.90000000  0.31500000  0.04500000  |  -0.01074066 -0.05395751 -0.01542894 -0.00388264 -0.00000424 
0.13500000  0.90000000  0.31500000  0.31500000  |  -0.01116785 -0.05423145 -0.01709596 -0.00395133 -0.00000171 
0.13500000  0.90000000  0.31500000  4.50000000  |  -0.01106620 -0.05446722 -0.01726773 -0.00393945 0.00000000  
0.13500000  0.90000000  0.45000000  0.04500000  |  -0.00486621 -0.05743992 -0.01689920 -0.00933801 -0.00000356 
0.13500000  0.90000000  0.45000000  0.31500000  |  -0.00503374 -0.05767505 -0.01865839 -0.00945335 -0.00000220 
0.13500000  0.90000000  0.45000000  4.50000000  |  -0.00508183 -0.05801869 -0.01880889 -0.00940931 0.00000000  
0.13500000  0.90000000  0.63000000  0.04500000  |  -0.00184851 -0.05928924 -0.01778680 -0.01877406 -0.00000074 
0.13500000  0.90000000  0.63000000  0.31500000  |  -0.00194854 -0.05975024 -0.01952342 -0.01868181 -0.00000448 
0.13500000  0.90000000  0.63000000  4.50000000  |  -0.00185370 -0.05998162 -0.01976705 -0.01866474 0.00000000  
0.13500000  0.90000000  0.81000000  0.04500000  |  -0.00069556 -0.05997036 -0.01806273 -0.02898159 -0.00000380 
0.13500000  0.90000000  0.81000000  0.31500000  |  -0.00075569 -0.06039335 -0.01993022 -0.02906277 -0.00000187 
0.13500000  0.90000000  0.81000000  4.50000000  |  -0.00075953 -0.06072751 -0.02010483 -0.02906557 0.00000000  
0.13500000  0.90000000  4.50000000  0.04500000  |  0.00000000  -0.06056673 -0.01839785 -0.29500139 0.00000000  
0.13500000  0.90000000  4.50000000  0.31500000  |  0.00000000  -0.06085991 -0.02014283 -0.29581721 0.00000000  
0.13500000  0.90000000  4.50000000  4.50000000  |  0.00000000  -0.06105656 -0.02031733 -0.29527562 0.00000000  
0.90000000  0.04500000  0.02250000  0.04500000  |  -0.18328654 -0.16460910 -0.04575902 0.00000502  -0.00755795 
0.90000000  0.04500000  0.02250000  0.31500000  |  -0.18589276 -0.16520392 -0.04626872 -0.00000277 -0.00225004 
0.90000000  0.04500000  0.02250000  4.50000000  |  -0.18629364 -0.16634186 -0.04653460 -0.00001015 0.00000000  
0.90000000  0.04500000  0.04050000  0.04500000  |  -0.10877048 -0.16771039 -0.04647063 0.00000597  -0.00672694 
0.90000000  0.04500000  0.04050000  0.31500000  |  -0.11133780 -0.16816058 -0.04681628 -0.00000255 -0.00196954 
0.90000000  0.04500000  0.04050000  4.50000000  |  -0.11091942 -0.16877393 -0.04731032 -0.00000923 0.00000000  
0.90000000  0.04500000  0.04500000  0.04500000  |  -0.09902332 -0.16846425 -0.04665595 0.00000641  -0.00660137 
0.90000000  0.04500000  0.04500000  0.31500000  |  -0.10207590 -0.16878671 -0.04704106 -0.00000457 -0.00193713 
0.90000000  0.04500000  0.04500000  4.50000000  |  -0.10160012 -0.16939434 -0.04747917 -0.00000849 0.00000000  
0.90000000  0.04500000  0.09000000  0.04500000  |  -0.05143470 -0.17460011 -0.04845456 -0.00002124 -0.00530280 
0.90000000  0.04500000  0.09000000  0.31500000  |  -0.05415736 -0.17453806 -0.04880611 -0.00001851 -0.00162936 
0.90000000  0.04500000  0.09000000  4.50000000  |  -0.05499857 -0.17567152 -0.04908312 -0.00005467 0.00000000  
0.90000000  0.04500000  0.13500000  0.04500000  |  -0.03358294 -0.17950138 -0.05016610 -0.00014794 -0.00416702 
0.90000000  0.04500000  0.13500000  0.31500000  |  -0.03531196 -0.17941149 -0.05043843 -0.00021223 -0.00139989 
0.90000000  0.04500000  0.13500000  4.50000000  |  -0.03544800 -0.18007833 -0.05081964 -0.00021115 0.00000000  
0.90000000  0.04500000  0.18000000  0.04500000  |  -0.02329964 -0.18323320 -0.05158828 -0.00058063 -0.00326664 
0.90000000  0.04500000  0.18000000  0.31500000  |  -0.02527893 -0.18342560 -0.05187307 -0.00061837 -0.00109757 
0.90000000  0.04500000  0.18000000  4.50000000  |  -0.02551729 -0.18337212 -0.05209037 -0.00064613 0.00000000  
0.90000000  0.04500000  0.22500000  0.04500000  |  -0.01692364 -0.18622271 -0.05289042 -0.00129864 -0.00259147 
0.90000000  0.04500000  0.22500000  0.31500000  |  -0.01898448 -0.18609011 -0.05300697 -0.00134240 -0.00074713 
0.90000000  0.04500000  0.22500000  4.50000000  |  -0.01877990 -0.18641683 -0.05317723 -0.00130606 0.00000000  
0.90000000  0.04500000  0.31500000  0.04500000  |  -0.00950076 -0.19044541 -0.05461911 -0.00368516 -0.00155332 
0.90000000  0.04500000  0.31500000  0.31500000  |  -0.01066637 -0.19040880 -0.05479736 -0.00368786 -0.00038877 
0.90000000  0.04500000  0.31500000  4.50000000  |  -0.01060366 -0.19003895 -0.05481644 -0.00372129 0.00000000  
0.90000000  0.04500000  0.45000000  0.04500000  |  -0.00449566 -0.19366537 -0.05616481 -0.00894828 -0.00076933 
0.90000000  0.04500000  0.45000000  0.31500000  |  -0.00501198 -0.19365869 -0.05631378 -0.00902821 -0.00033810 
0.90000000  0.04500000  0.45000000  4.50000000  |  -0.00493699 -0.19335058 -0.05604222 -0.00906564 0.00000000  
0.90000000  0.04500000  0.63000000  0.04500000  |  -0.00174443 -0.19581783 -0.05716455 -0.01819212 -0.00030156 
0.90000000  0.04500000  0.63000000  0.31500000  |  -0.00211373 -0.19548087 -0.05709126 -0.01819133 -0.00009489 
0.90000000  0.04500000  0.63000000  4.50000000  |  -0.00193375 -0.19584016 -0.05721905 -0.01873283 0.00000000  
0.90000000  0.04500000  0.81000000  0.04500000  |  -0.00073823 -0.19652942 -0.05742537 -0.02831390 -0.00001748 
0.90000000  0.04500000  0.81000000  0.31500000  |  -0.00099925 -0.19669048 -0.05740276 -0.02843193 -0.00006207 
0.90000000  0.04500000  0.81000000  4.50000000  |  -0.00082254 -0.19647469 -0.05755663 -0.02844120 0.00000000  
0.90000000  0.04500000  4.50000000  0.04500000  |  0.00000000  -0.19712991 -0.05773963 -0.27140522 0.00000000  
0.90000000  0.04500000  4.50000000  0.31500000  |  0.00000000  -0.19710011 -0.05781053 -0.27156692 0.00000000  
0.90000000  0.04500000  4.50000000  4.50000000  |  0.00000000  -0.19697425 -0.05774917 -0.27127207 0.00000000  
0.90000000  0.13500000  0.02250000  0.04500000  |  -0.19082597 -0.16386472 -0.04492691 0.00000027  -0.00291600 
0.90000000  0.13500000  0.02250000  0.31500000  |  -0.19089679 -0.16428425 -0.04530463 -0.00000074 -0.00086149 
0.90000000  0.13500000  0.02250000  4.50000000  |  -0.18934470 -0.16519549 -0.04551978 0.00001743  0.00000000  
0.90000000  0.13500000  0.04050000  0.04500000  |  -0.11474969 -0.16679817 -0.04576532 0.00001134  -0.00263325 
0.90000000  0.13500000  0.04050000  0.31500000  |  -0.11502043 -0.16706579 -0.04612285 0.00000014  -0.00109982 
0.90000000  0.13500000  0.04050000  4.50000000  |  -0.11390066 -0.16894717 -0.04625528 0.00001794  0.00000000  
0.90000000  0.13500000  0.04500000  0.04500000  |  -0.10426956 -0.16758575 -0.04596978 0.00001138  -0.00258068 
0.90000000  0.13500000  0.04500000  0.31500000  |  -0.10533497 -0.16791397 -0.04626742 0.00000022  -0.00095116 
0.90000000  0.13500000  0.04500000  4.50000000  |  -0.10471797 -0.16741693 -0.04654586 0.00001913  0.00000000  
0.90000000  0.13500000  0.09000000  0.04500000  |  -0.05574127 -0.17382266 -0.04799904 0.00000535  -0.00213580 
0.90000000  0.13500000  0.09000000  0.31500000  |  -0.05604983 -0.17420841 -0.04823420 -0.00000001 -0.00059922 
0.90000000  0.13500000  0.09000000  4.50000000  |  -0.05638687 -0.17470118 -0.04837013 -0.00002492 0.00000000  
0.90000000  0.13500000  0.13500000  0.04500000  |  -0.03662160 -0.17897019 -0.04976628 -0.00021785 -0.00169963 
0.90000000  0.13500000  0.13500000  0.31500000  |  -0.03758416 -0.17890342 -0.04988068 -0.00003263 -0.00048720 
0.90000000  0.13500000  0.13500000  4.50000000  |  -0.03717901 -0.17936763 -0.05023811 -0.00020936 0.00000000  
0.90000000  0.13500000  0.18000000  0.04500000  |  -0.02631342 -0.18211733 -0.05126948 -0.00067559 -0.00147958 
0.90000000  0.13500000  0.18000000  0.31500000  |  -0.02655491 -0.18293543 -0.05148406 -0.00062150 -0.00044316 
0.90000000  0.13500000  0.18000000  4.50000000  |  -0.02639153 -0.18296633 -0.05172337 -0.00070888 0.00000000  
0.90000000  0.13500000  0.22500000  0.04500000  |  -0.01876535 -0.18583147 -0.05258227 -0.00146978 -0.00113024 
0.90000000  0.13500000  0.22500000  0.31500000  |  -0.01973980 -0.18560574 -0.05265905 -0.00142379 -0.00049812 
0.90000000  0.13500000  0.22500000  4.50000000  |  -0.01945968 -0.18610975 -0.05279245 -0.00154312 0.00000000  
0.90000000  0.13500000  0.31500000  0.04500000  |  -0.01059477 -0.19024074 -0.05444656 -0.00388419 -0.00069676 
0.90000000  0.13500000  0.31500000  0.31500000  |  -0.01129383 -0.18995426 -0.05453125 -0.00395486 -0.00038783 
0.90000000  0.13500000  0.31500000  4.50000000  |  -0.01177888 -0.18947924 -0.05433390 -0.00394180 0.00000000  
0.90000000  0.13500000  0.45000000  0.04500000  |  -0.00544971 -0.19341598 -0.05610895 -0.00934137 -0.00021232 
0.90000000  0.13500000  0.45000000  0.31500000  |  -0.00538058 -0.19350931 -0.05615481 -0.00945710 -0.00019367 
0.90000000  0.13500000  0.45000000  4.50000000  |  -0.00520337 -0.19377295 -0.05622643 -0.00940979 0.00000000  
0.90000000  0.13500000  0.63000000  0.04500000  |  -0.00204292 -0.19571614 -0.05702661 -0.01875721 0.00002354  
0.90000000  0.13500000  0.63000000  0.31500000  |  -0.00204242 -0.19584103 -0.05701635 -0.01867977 -0.00008710 
0.90000000  0.13500000  0.63000000  4.50000000  |  -0.00199101 -0.19571573 -0.05728118 -0.01866794 0.00000000  
0.90000000  0.13500000  0.81000000  0.04500000  |  -0.00094634 -0.19658638 -0.05740928 -0.02892679 0.00000322  
0.90000000  0.13500000  0.81000000  0.31500000  |  -0.00069153 -0.19660953 -0.05758689 -0.02906022 -0.00005310 
0.90000000  0.13500000  0.81000000  4.50000000  |  -0.00090317 -0.19652454 -0.05755661 -0.02908953 0.00000000  
0.90000000  0.13500000  4.50000000  0.04500000  |  0.00000000  -0.19731143 -0.05777230 -0.27433919 0.00000000  
0.90000000  0.13500000  4.50000000  0.31500000  |  0.00000000  -0.19730979 -0.05776960 -0.27428746 0.00000000  
0.90000000  0.13500000  4.50000000  4.50000000  |  0.00000000  -0.19699242 -0.05775663 -0.27406700 0.00000000  
0.90000000  0.90000000  0.02250000  0.04500000  |  -0.19415972 -0.16374667 -0.04480425 0.00000006  0.00000802  
0.90000000  0.90000000  0.02250000  0.31500000  |  -0.19330824 -0.16370729 -0.04482565 0.00000118  -0.00000174 
0.90000000  0.90000000  0.02250000  4.50000000  |  -0.19355912 -0.16337740 -0.04480656 -0.00000278 0.00000000  
0.90000000  0.90000000  0.04050000  0.04500000  |  -0.11707831 -0.16679207 -0.04559809 -0.00000006 0.00003890  
0.90000000  0.90000000  0.04050000  0.31500000  |  -0.11643483 -0.16612069 -0.04563415 0.00000106  -0.00000427 
0.90000000  0.90000000  0.04050000  4.50000000  |  -0.11654572 -0.16534851 -0.04562131 -0.00000229 0.00000000  
0.90000000  0.90000000  0.04500000  0.04500000  |  -0.10732368 -0.16750886 -0.04580553 -0.00000014 0.00003858  
0.90000000  0.90000000  0.04500000  0.31500000  |  -0.10692728 -0.16681663 -0.04583136 0.00000099  -0.00000496 
0.90000000  0.90000000  0.04500000  4.50000000  |  -0.10713141 -0.16605960 -0.04582616 -0.00000210 0.00000000  
0.90000000  0.90000000  0.09000000  0.04500000  |  -0.05781060 -0.17386092 -0.04779730 -0.00002273 0.00000460  
0.90000000  0.90000000  0.09000000  0.31500000  |  -0.05805287 -0.17331968 -0.04781039 -0.00002241 0.00000474  
0.90000000  0.90000000  0.09000000  4.50000000  |  -0.05896005 -0.17253547 -0.04786404 -0.00000888 0.00000000  
0.90000000  0.90000000  0.13500000  0.04500000  |  -0.03883152 -0.17872817 -0.04958972 -0.00031516 0.00001801  
0.90000000  0.90000000  0.13500000  0.31500000  |  -0.03842631 -0.17829321 -0.04970011 -0.00031367 0.00000271  
0.90000000  0.90000000  0.13500000  4.50000000  |  -0.03849866 -0.17884139 -0.04971246 -0.00019012 0.00000000  
0.90000000  0.90000000  0.18000000  0.04500000  |  -0.02755645 -0.18272911 -0.05111239 -0.00090850 0.00000748  
0.90000000  0.90000000  0.18000000  0.31500000  |  -0.02740764 -0.18280514 -0.05120542 -0.00090716 -0.00000450 
0.90000000  0.90000000  0.18000000  4.50000000  |  -0.03012730 -0.17932084 -0.05138676 -0.00093651 0.00000000  
0.90000000  0.90000000  0.22500000  0.04500000  |  -0.02038070 -0.18583722 -0.05244610 -0.00179660 0.00000885  
0.90000000  0.90000000  0.22500000  0.31500000  |  -0.02016161 -0.18590057 -0.05254288 -0.00180006 -0.00000317 
0.90000000  0.90000000  0.22500000  4.50000000  |  -0.02031684 -0.18585843 -0.05250179 -0.00191381 0.00000000  
0.90000000  0.90000000  0.31500000  0.04500000  |  -0.01168309 -0.19033275 -0.05442338 -0.00456833 -0.00000669 
0.90000000  0.90000000  0.31500000  0.31500000  |  -0.01148335 -0.19013050 -0.05441250 -0.00456129 0.00000093  
0.90000000  0.90000000  0.31500000  4.50000000  |  -0.01131689 -0.19004034 -0.05441322 -0.00464369 0.00000000  
0.90000000  0.90000000  0.45000000  0.04500000  |  -0.00500353 -0.19396411 -0.05613051 -0.01038813 -0.00000590 
0.90000000  0.90000000  0.45000000  0.31500000  |  -0.00544227 -0.19361320 -0.05606112 -0.01039400 0.00000104  
0.90000000  0.90000000  0.45000000  4.50000000  |  -0.00523726 -0.19349676 -0.05616275 -0.01049608 0.00000000  
0.90000000  0.90000000  0.63000000  0.04500000  |  -0.00190256 -0.19577274 -0.05706790 -0.02002991 -0.00000314 
0.90000000  0.90000000  0.63000000  0.31500000  |  -0.00180568 -0.19587990 -0.05713205 -0.02003997 -0.00000254 
0.90000000  0.90000000  0.63000000  4.50000000  |  -0.00343914 -0.19312391 -0.05719236 -0.01991480 0.00000000  
0.90000000  0.90000000  0.81000000  0.04500000  |  -0.00071727 -0.19688634 -0.05751307 -0.03025410 -0.00000355 
0.90000000  0.90000000  0.81000000  0.31500000  |  -0.00068823 -0.19654608 -0.05753587 -0.03026039 -0.00000065 
0.90000000  0.90000000  0.81000000  4.50000000  |  -0.00062557 -0.19669102 -0.05763051 -0.03041722 0.00000000  
0.90000000  0.90000000  4.50000000  0.04500000  |  0.00000000  -0.19733704 -0.05778202 -0.29707995 0.00000000  
0.90000000  0.90000000  4.50000000  0.31500000  |  0.00000000  -0.19717529 -0.05766198 -0.29691979 0.00000000  
0.90000000  0.90000000  4.50000000  4.50000000  |  0.00000000  -0.19644295 -0.05797716 -0.29710627 0.00000000  
