c1
4
-0.06451 0.5545
0.06451 0.5545
0.07049 0.6535
-0.07049 0.6535

10
botleft
4
-1.0175 -0.001
0 -0.001
0 0.001
-1.0175 0.001

botright
4
0 -0.001
1.175 -0.001
1.175 0.001
0 0.001

lbEnv
4
-0.51451 0.5545
-0.38549 0.5545
-0.37951 0.6535
-0.52049 0.6535

c3
4
0.09299 0.5545
0.22201 0.5545
0.22799 0.6535
0.08701 0.6535

rbEnv
4
0.54299 0.5545
0.67201 0.5545
0.67799 0.6535
0.53701 0.6535

ltEnv
4
-0.37951 0.7415
-0.34049 0.7415
-0.33451 0.8405
-0.38549 0.8405

c2left
4
-0.01951 0.7415
0 0.7415
0 0.8405
-0.02549 0.8405

c2
4
0 0.7415
0.01951 0.7415
0.02549 0.8405
0 0.8405

c4
4
0.04799 0.7415
0.08701 0.7415
0.09299 0.8405
0.04201 0.8405

rtEnv
4
0.40799 0.7415
0.44701 0.7415
0.45299 0.8405
0.40201 0.8405


79
FOXA+FOXB+TOX
5
-1.0175 0.001
0 0.001
1.175 0.001
1.175 0.2665
-1.0175 0.2665
4

ILD1a
4
-1.0175 0.2665
1.175 0.2665
1.175 0.2765
-1.0175 0.2765
7

ILD1b1+ILD1b2+ILD1b3
4
-1.0175 0.2765
1.175 0.2765
1.175 0.3955
-1.0175 0.3955
4

IMD1a
4
-1.0175 0.3955
1.175 0.3955
1.175 0.4065
-1.0175 0.4065
5.2

IMD1b
4
-1.0175 0.4065
1.175 0.4065
1.175 0.4665
-1.0175 0.4665
2.8

IMD2a
4
-1.0175 0.4665
1.175 0.4665
1.175 0.4875
-1.0175 0.4875
5.2

IMD2b
4
-1.0175 0.4875
1.175 0.4875
1.175 0.5025
-1.0175 0.5025
4.2

IMD2c
4
-1.0175 0.5025
1.175 0.5025
1.175 0.5265
-1.0175 0.5265
3.28

IMD2d1
12
-1.0175 0.5265
1.175 0.5265
1.175 0.5445
0.681424 0.5445
0.533576 0.5445
0.231424 0.5445
0.083576 0.5445
0.073924 0.5445
-0.073924 0.5445
-0.376076 0.5445
-0.523924 0.5445
-1.0175 0.5445
2.65

IMD2d1
4
-1.0175 0.5445
-0.523924 0.5445
-0.524528 0.5545
-1.0175 0.5545
2.65

IMD2d1_damage
8
-0.523924 0.5445
-0.376076 0.5445
-0.375472 0.5545
-0.380481 0.5545
-0.38549 0.5545
-0.51451 0.5545
-0.519519 0.5545
-0.524528 0.5545
3.1

IMD2d1
4
-0.376076 0.5445
-0.073924 0.5445
-0.074528 0.5545
-0.375472 0.5545
2.65

IMD2d1_damage
8
-0.073924 0.5445
0.073924 0.5445
0.074528 0.5545
0.069519 0.5545
0.06451 0.5545
-0.06451 0.5545
-0.069519 0.5545
-0.074528 0.5545
3.1

IMD2d1
4
0.073924 0.5445
0.083576 0.5445
0.082972 0.5545
0.074528 0.5545
2.65

IMD2d1_damage
8
0.083576 0.5445
0.231424 0.5445
0.232028 0.5545
0.227019 0.5545
0.22201 0.5545
0.09299 0.5545
0.087981 0.5545
0.082972 0.5545
3.1

IMD2d1
4
0.231424 0.5445
0.533576 0.5445
0.532972 0.5545
0.232028 0.5545
2.65

IMD2d1_damage
8
0.533576 0.5445
0.681424 0.5445
0.682028 0.5545
0.677019 0.5545
0.67201 0.5545
0.54299 0.5545
0.537981 0.5545
0.532972 0.5545
3.1

IMD2d1
4
0.681424 0.5445
1.175 0.5445
1.175 0.5545
0.682028 0.5545
2.65

IMD2d2
5
-1.0175 0.5545
-0.524528 0.5545
-0.519519 0.5545
-0.525499 0.6535
-1.0175 0.6535
2.65

IMD2d2_damage
4
-0.519519 0.5545
-0.51451 0.5545
-0.52049 0.6535
-0.525499 0.6535
2.9

IMD2d2_damage
4
-0.38549 0.5545
-0.380481 0.5545
-0.374501 0.6535
-0.37951 0.6535
2.9

IMD2d2
6
-0.380481 0.5545
-0.375472 0.5545
-0.074528 0.5545
-0.069519 0.5545
-0.075499 0.6535
-0.374501 0.6535
2.65

IMD2d2_damage
4
-0.069519 0.5545
-0.06451 0.5545
-0.07049 0.6535
-0.075499 0.6535
2.9

IMD2d2_damage
4
0.06451 0.5545
0.069519 0.5545
0.075499 0.6535
0.07049 0.6535
2.9

IMD2d2
6
0.069519 0.5545
0.074528 0.5545
0.082972 0.5545
0.087981 0.5545
0.082001 0.6535
0.075499 0.6535
2.65

IMD2d2_damage
4
0.087981 0.5545
0.09299 0.5545
0.08701 0.6535
0.082001 0.6535
2.9

IMD2d2_damage
4
0.22201 0.5545
0.227019 0.5545
0.232999 0.6535
0.22799 0.6535
2.9

IMD2d2
6
0.227019 0.5545
0.232028 0.5545
0.532972 0.5545
0.537981 0.5545
0.532001 0.6535
0.232999 0.6535
2.65

IMD2d2_damage
4
0.537981 0.5545
0.54299 0.5545
0.53701 0.6535
0.532001 0.6535
2.9

IMD2d2_damage
4
0.67201 0.5545
0.677019 0.5545
0.682999 0.6535
0.67799 0.6535
2.9

IMD2d2
5
0.677019 0.5545
0.682028 0.5545
1.175 0.5545
1.175 0.6535
0.682999 0.6535
2.65

IMD3a
20
-1.0175 0.6535
-0.525499 0.6535
-0.52049 0.6535
-0.37951 0.6535
-0.374501 0.6535
-0.075499 0.6535
-0.07049 0.6535
0.07049 0.6535
0.075499 0.6535
0.082001 0.6535
0.08701 0.6535
0.22799 0.6535
0.232999 0.6535
0.532001 0.6535
0.53701 0.6535
0.67799 0.6535
0.682999 0.6535
1.175 0.6535
1.175 0.6745
-1.0175 0.6745
5.2

IMD3b
4
-1.0175 0.6745
1.175 0.6745
1.175 0.6895
-1.0175 0.6895
4.2

IMD3c
4
-1.0175 0.6895
1.175 0.6895
1.175 0.7135
-1.0175 0.7135
3.28

IMD3d1
12
-1.0175 0.7135
1.175 0.7135
1.175 0.7315
0.456424 0.7315
0.398576 0.7315
0.096424 0.7315
0.038576 0.7315
0.028924 0.7315
-0.028924 0.7315
-0.331076 0.7315
-0.388924 0.7315
-1.0175 0.7315
2.65

IMD3d1
4
-1.0175 0.7315
-0.388924 0.7315
-0.389528 0.7415
-1.0175 0.7415
2.65

IMD3d1_damage
8
-0.388924 0.7315
-0.331076 0.7315
-0.330472 0.7415
-0.335481 0.7415
-0.34049 0.7415
-0.37951 0.7415
-0.384519 0.7415
-0.389528 0.7415
3.1

IMD3d1
4
-0.331076 0.7315
-0.028924 0.7315
-0.029528 0.7415
-0.330472 0.7415
2.65

IMD3d1_damage
9
-0.028924 0.7315
0.028924 0.7315
0.029528 0.7415
0.024519 0.7415
0.01951 0.7415
0 0.7415
-0.01951 0.7415
-0.024519 0.7415
-0.029528 0.7415
3.1

IMD3d1
4
0.028924 0.7315
0.038576 0.7315
0.037972 0.7415
0.029528 0.7415
2.65

IMD3d1_damage
8
0.038576 0.7315
0.096424 0.7315
0.097028 0.7415
0.092019 0.7415
0.08701 0.7415
0.04799 0.7415
0.042981 0.7415
0.037972 0.7415
3.1

IMD3d1
4
0.096424 0.7315
0.398576 0.7315
0.397972 0.7415
0.097028 0.7415
2.65

IMD3d1_damage
8
0.398576 0.7315
0.456424 0.7315
0.457028 0.7415
0.452019 0.7415
0.44701 0.7415
0.40799 0.7415
0.402981 0.7415
0.397972 0.7415
3.1

IMD3d1
4
0.456424 0.7315
1.175 0.7315
1.175 0.7415
0.457028 0.7415
2.65

IMD3d2
5
-1.0175 0.7415
-0.389528 0.7415
-0.384519 0.7415
-0.390499 0.8405
-1.0175 0.8405
2.65

IMD3d2_damage
4
-0.384519 0.7415
-0.37951 0.7415
-0.38549 0.8405
-0.390499 0.8405
2.9

IMD3d2_damage
4
-0.34049 0.7415
-0.335481 0.7415
-0.329501 0.8405
-0.33451 0.8405
2.9

IMD3d2
6
-0.335481 0.7415
-0.330472 0.7415
-0.029528 0.7415
-0.024519 0.7415
-0.030499 0.8405
-0.329501 0.8405
2.65

IMD3d2_damage
4
-0.024519 0.7415
-0.01951 0.7415
-0.02549 0.8405
-0.030499 0.8405
2.9

IMD3d2_damage
4
0.01951 0.7415
0.024519 0.7415
0.030499 0.8405
0.02549 0.8405
2.9

IMD3d2
6
0.024519 0.7415
0.029528 0.7415
0.037972 0.7415
0.042981 0.7415
0.037001 0.8405
0.030499 0.8405
2.65

IMD3d2_damage
4
0.042981 0.7415
0.04799 0.7415
0.04201 0.8405
0.037001 0.8405
2.9

IMD3d2_damage
4
0.08701 0.7415
0.092019 0.7415
0.097999 0.8405
0.09299 0.8405
2.9

IMD3d2
6
0.092019 0.7415
0.097028 0.7415
0.397972 0.7415
0.402981 0.7415
0.397001 0.8405
0.097999 0.8405
2.65

IMD3d2_damage
4
0.402981 0.7415
0.40799 0.7415
0.40201 0.8405
0.397001 0.8405
2.9

IMD3d2_damage
4
0.44701 0.7415
0.452019 0.7415
0.457999 0.8405
0.45299 0.8405
2.9

IMD3d2
5
0.452019 0.7415
0.457028 0.7415
1.175 0.7415
1.175 0.8405
0.457999 0.8405
2.65

IMD4a
21
-1.0175 0.8405
-0.390499 0.8405
-0.38549 0.8405
-0.33451 0.8405
-0.329501 0.8405
-0.030499 0.8405
-0.02549 0.8405
0 0.8405
0.02549 0.8405
0.030499 0.8405
0.037001 0.8405
0.04201 0.8405
0.09299 0.8405
0.097999 0.8405
0.397001 0.8405
0.40201 0.8405
0.45299 0.8405
0.457999 0.8405
1.175 0.8405
1.175 0.8615
-1.0175 0.8615
5.2

IMD4b
4
-1.0175 0.8615
1.175 0.8615
1.175 0.8765
-1.0175 0.8765
4.2

IMD4c
4
-1.0175 0.8765
1.175 0.8765
1.175 0.9005
-1.0175 0.9005
3.28

IMD4d1+IMD4d2
4
-1.0175 0.9005
1.175 0.9005
1.175 1.0275
-1.0175 1.0275
2.65

IMD5a
4
-1.0175 1.0275
1.175 1.0275
1.175 1.0485
-1.0175 1.0485
5.2

IMD5b
4
-1.0175 1.0485
1.175 1.0485
1.175 1.0635
-1.0175 1.0635
4.2

IMD5c
4
-1.0175 1.0635
1.175 1.0635
1.175 1.0875
-1.0175 1.0875
3.28

IMD5d1+IMD5d2
4
-1.0175 1.0875
1.175 1.0875
1.175 1.2145
-1.0175 1.2145
2.65

IMD6a
4
-1.0175 1.2145
1.175 1.2145
1.175 1.2355
-1.0175 1.2355
5.2

IMD6b
4
-1.0175 1.2355
1.175 1.2355
1.175 1.2505
-1.0175 1.2505
4.2

IMD6c
4
-1.0175 1.2505
1.175 1.2505
1.175 1.2745
-1.0175 1.2745
3.28

IMD6d1+IMD6d2
4
-1.0175 1.2745
1.175 1.2745
1.175 1.4015
-1.0175 1.4015
2.65

IMD7a
4
-1.0175 1.4015
1.175 1.4015
1.175 1.4765
-1.0175 1.4765
5.2

IMD7b1+IMD7b2
4
-1.0175 1.4765
1.175 1.4765
1.175 2.9765
-1.0175 2.9765
4.2

IMD8a
4
-1.0175 2.9765
1.175 2.9765
1.175 3.0515
-1.0175 3.0515
5.2

IMD8b1+IMD8b2
4
-1.0175 3.0515
1.175 3.0515
1.175 4.5515
-1.0175 4.5515
4.2

PASS1
4
-1.0175 4.5515
1.175 4.5515
1.175 4.6265
-1.0175 4.6265
7

PASS2
4
-1.0175 4.6265
1.175 4.6265
1.175 5.0265
-1.0175 5.0265
4.2

PASS3
4
-1.0175 5.0265
1.175 5.0265
1.175 5.1015
-1.0175 5.1015
7

PASS4+PASS5
4
-1.0175 5.1015
1.175 5.1015
1.175 6.0515
-1.0175 6.0515
4.2

PASS6
4
-1.0175 6.0515
1.175 6.0515
1.175 6.6515
-1.0175 6.6515
7

air_Layer
4
-1.0175 6.6515
1.175 6.6515
1.175 7.0565
-1.0175 7.0565
1


4
-1.0175 0.001
1.175 0.001
1.175 7.0565
-1.0175 7.0565

