c1
4
-0.01951 0.5545
0.01951 0.5545
0.02549 0.6535
-0.02549 0.6535

5
botleft
4
-5.0675 -0.001
0 -0.001
0 0.001
-5.0675 0.001

botright
4
0 -0.001
7.6325 -0.001
7.6325 0.001
0 0.001

c2
4
0.83549 0.5545
1.72951 0.5545
1.73549 0.6535
0.82951 0.6535

topleft
4
-5.0675 0.7415
0 0.7415
0 0.8405
-5.0675 0.8405

topright
4
0 0.7415
7.6325 0.7415
7.6325 0.8405
0 0.8405


26
FOXA+FOXB+TOX
5
-5.0675 0.001
0 0.001
7.6325 0.001
7.6325 0.2665
-5.0675 0.2665
4

ILD1a
4
-5.0675 0.2665
7.6325 0.2665
7.6325 0.2765
-5.0675 0.2765
7

ILD1b1+ILD1b2+ILD1b3
4
-5.0675 0.2765
7.6325 0.2765
7.6325 0.3955
-5.0675 0.3955
4

IMD1a
4
-5.0675 0.3955
7.6325 0.3955
7.6325 0.4065
-5.0675 0.4065
5.2

IMD1b
4
-5.0675 0.4065
7.6325 0.4065
7.6325 0.4665
-5.0675 0.4665
2.8

IMD2a
4
-5.0675 0.4665
7.6325 0.4665
7.6325 0.4875
-5.0675 0.4875
5.2

IMD2b
4
-5.0675 0.4875
7.6325 0.4875
7.6325 0.5025
-5.0675 0.5025
4.2

IMD2c
4
-5.0675 0.5025
7.6325 0.5025
7.6325 0.5265
-5.0675 0.5265
3.28

IMD2d1
8
-5.0675 0.5265
7.6325 0.5265
7.6325 0.5445
1.738924 0.5445
0.826076 0.5445
0.028924 0.5445
-0.028924 0.5445
-5.0675 0.5445
2.65

IMD2d1
4
-5.0675 0.5445
-0.028924 0.5445
-0.029528 0.5545
-5.0675 0.5545
2.65

IMD2d1_damage
8
-0.028924 0.5445
0.028924 0.5445
0.029528 0.5545
0.024519 0.5545
0.01951 0.5545
-0.01951 0.5545
-0.024519 0.5545
-0.029528 0.5545
3.1

IMD2d1
4
0.028924 0.5445
0.826076 0.5445
0.825472 0.5545
0.029528 0.5545
2.65

IMD2d1_damage
8
0.826076 0.5445
1.738924 0.5445
1.739528 0.5545
1.734519 0.5545
1.72951 0.5545
0.83549 0.5545
0.830481 0.5545
0.825472 0.5545
3.1

IMD2d1
4
1.738924 0.5445
7.6325 0.5445
7.6325 0.5545
1.739528 0.5545
2.65

IMD2d2
5
-5.0675 0.5545
-0.029528 0.5545
-0.024519 0.5545
-0.030499 0.6535
-5.0675 0.6535
2.65

IMD2d2_damage
4
-0.024519 0.5545
-0.01951 0.5545
-0.02549 0.6535
-0.030499 0.6535
2.9

IMD2d2_damage
4
0.01951 0.5545
0.024519 0.5545
0.030499 0.6535
0.02549 0.6535
2.9

IMD2d2
6
0.024519 0.5545
0.029528 0.5545
0.825472 0.5545
0.830481 0.5545
0.824501 0.6535
0.030499 0.6535
2.65

IMD2d2_damage
4
0.830481 0.5545
0.83549 0.5545
0.82951 0.6535
0.824501 0.6535
2.9

IMD2d2_damage
4
1.72951 0.5545
1.734519 0.5545
1.740499 0.6535
1.73549 0.6535
2.9

IMD2d2
5
1.734519 0.5545
1.739528 0.5545
7.6325 0.5545
7.6325 0.6535
1.740499 0.6535
2.65

IMD3a
12
-5.0675 0.6535
-0.030499 0.6535
-0.02549 0.6535
0.02549 0.6535
0.030499 0.6535
0.824501 0.6535
0.82951 0.6535
1.73549 0.6535
1.740499 0.6535
7.6325 0.6535
7.6325 0.6745
-5.0675 0.6745
5.2

IMD3b
4
-5.0675 0.6745
7.6325 0.6745
7.6325 0.6895
-5.0675 0.6895
4.2

IMD3c
4
-5.0675 0.6895
7.6325 0.6895
7.6325 0.7135
-5.0675 0.7135
3.28

IMD3d1
4
-5.0675 0.7135
7.6325 0.7135
7.6325 0.7315
-5.0675 0.7315
2.65

IMD3d1_damage
5
-5.0675 0.7315
7.6325 0.7315
7.6325 0.7415
0 0.7415
-5.0675 0.7415
3.1


4
-5.0675 0.001
7.6325 0.001
7.6325 0.7415
-5.0675 0.7415

