botcenter
4
0 -0.001
0.513 -0.001
0.513 0.001
0 0.001

7
botleft
4
-6.35 -0.001
0 -0.001
0 0.001
-6.35 0.001

botright
4
0.513 -0.001
5.5805 -0.001
5.5805 0.001
0.513 0.001

c1
4
-0.44701 0.5545
0.44701 0.5545
0.45299 0.6535
-0.45299 0.6535

c2
4
0.49349 0.5545
0.53251 0.5545
0.53849 0.6535
0.48751 0.6535

topleft
4
-6.35 0.7415
0 0.7415
0 0.8405
-6.35 0.8405

topcenter
4
0 0.7415
0.513 0.7415
0.513 0.8405
0 0.8405

topright
4
0.513 0.7415
5.5805 0.7415
5.5805 0.8405
0.513 0.8405


26
FOXA+FOXB+TOX
6
-6.35 0.001
0 0.001
0.513 0.001
5.5805 0.001
5.5805 0.2665
-6.35 0.2665
4

ILD1a
4
-6.35 0.2665
5.5805 0.2665
5.5805 0.2765
-6.35 0.2765
7

ILD1b1+ILD1b2+ILD1b3
4
-6.35 0.2765
5.5805 0.2765
5.5805 0.3955
-6.35 0.3955
4

IMD1a
4
-6.35 0.3955
5.5805 0.3955
5.5805 0.4065
-6.35 0.4065
5.2

IMD1b
4
-6.35 0.4065
5.5805 0.4065
5.5805 0.4665
-6.35 0.4665
2.8

IMD2a
4
-6.35 0.4665
5.5805 0.4665
5.5805 0.4875
-6.35 0.4875
5.2

IMD2b
4
-6.35 0.4875
5.5805 0.4875
5.5805 0.5025
-6.35 0.5025
4.2

IMD2c
4
-6.35 0.5025
5.5805 0.5025
5.5805 0.5265
-6.35 0.5265
3.28

IMD2d1
8
-6.35 0.5265
5.5805 0.5265
5.5805 0.5445
0.541924 0.5445
0.484076 0.5445
0.456424 0.5445
-0.456424 0.5445
-6.35 0.5445
2.65

IMD2d1
4
-6.35 0.5445
-0.456424 0.5445
-0.457028 0.5545
-6.35 0.5545
2.65

IMD2d1_damage
8
-0.456424 0.5445
0.456424 0.5445
0.457028 0.5545
0.452019 0.5545
0.44701 0.5545
-0.44701 0.5545
-0.452019 0.5545
-0.457028 0.5545
3.1

IMD2d1
4
0.456424 0.5445
0.484076 0.5445
0.483472 0.5545
0.457028 0.5545
2.65

IMD2d1_damage
8
0.484076 0.5445
0.541924 0.5445
0.542528 0.5545
0.537519 0.5545
0.53251 0.5545
0.49349 0.5545
0.488481 0.5545
0.483472 0.5545
3.1

IMD2d1
4
0.541924 0.5445
5.5805 0.5445
5.5805 0.5545
0.542528 0.5545
2.65

IMD2d2
5
-6.35 0.5545
-0.457028 0.5545
-0.452019 0.5545
-0.457999 0.6535
-6.35 0.6535
2.65

IMD2d2_damage
4
-0.452019 0.5545
-0.44701 0.5545
-0.45299 0.6535
-0.457999 0.6535
2.9

IMD2d2_damage
4
0.44701 0.5545
0.452019 0.5545
0.457999 0.6535
0.45299 0.6535
2.9

IMD2d2
6
0.452019 0.5545
0.457028 0.5545
0.483472 0.5545
0.488481 0.5545
0.482501 0.6535
0.457999 0.6535
2.65

IMD2d2_damage
4
0.488481 0.5545
0.49349 0.5545
0.48751 0.6535
0.482501 0.6535
2.9

IMD2d2_damage
4
0.53251 0.5545
0.537519 0.5545
0.543499 0.6535
0.53849 0.6535
2.9

IMD2d2
5
0.537519 0.5545
0.542528 0.5545
5.5805 0.5545
5.5805 0.6535
0.543499 0.6535
2.65

IMD3a
12
-6.35 0.6535
-0.457999 0.6535
-0.45299 0.6535
0.45299 0.6535
0.457999 0.6535
0.482501 0.6535
0.48751 0.6535
0.53849 0.6535
0.543499 0.6535
5.5805 0.6535
5.5805 0.6745
-6.35 0.6745
5.2

IMD3b
4
-6.35 0.6745
5.5805 0.6745
5.5805 0.6895
-6.35 0.6895
4.2

IMD3c
4
-6.35 0.6895
5.5805 0.6895
5.5805 0.7135
-6.35 0.7135
3.28

IMD3d1
4
-6.35 0.7135
5.5805 0.7135
5.5805 0.7315
-6.35 0.7315
2.65

IMD3d1_damage
6
-6.35 0.7315
5.5805 0.7315
5.5805 0.7415
0.513 0.7415
0 0.7415
-6.35 0.7415
3.1


4
-6.35 0.001
5.5805 0.001
5.5805 0.7415
-6.35 0.7415

