c1
4
-0.06451 0.5545
0.06451 0.5545
0.07049 0.6535
-0.07049 0.6535

7
botleft
4
-0.7475 -0.001
0 -0.001
0 0.001
-0.7475 0.001

botright
4
0 -0.001
0.8825 -0.001
0.8825 0.001
0 0.001

lEnv
4
-0.24451 0.5545
-0.11549 0.5545
-0.10951 0.6535
-0.25049 0.6535

c2
4
0.25049 0.5545
0.28951 0.5545
0.29549 0.6535
0.24451 0.6535

rEnv
4
0.34049 0.5545
0.37951 0.5545
0.38549 0.6535
0.33451 0.6535

topleft
4
-0.7475 0.7415
0 0.7415
0 0.8405
-0.7475 0.8405

topright
4
0 0.7415
0.8825 0.7415
0.8825 0.8405
0 0.8405


37
FOXA+FOXB+TOX
6
-0.7476 0.001
-0.7475 0.001
0 0.001
0.8825 0.001
0.8825 0.2665
-0.7476 0.2665
4

ILD1a
4
-0.7476 0.2665
0.8825 0.2665
0.8825 0.2765
-0.7476 0.2765
7

ILD1b1+ILD1b2+ILD1b3
4
-0.7476 0.2765
0.8825 0.2765
0.8825 0.3955
-0.7476 0.3955
4

IMD1a
4
-0.7476 0.3955
0.8825 0.3955
0.8825 0.4065
-0.7476 0.4065
5.2

IMD1b
4
-0.7476 0.4065
0.8825 0.4065
0.8825 0.4665
-0.7476 0.4665
2.8

IMD2a
4
-0.7476 0.4665
0.8825 0.4665
0.8825 0.4875
-0.7476 0.4875
5.2

IMD2b
4
-0.7476 0.4875
0.8825 0.4875
0.8825 0.5025
-0.7476 0.5025
4.2

IMD2c
4
-0.7476 0.5025
0.8825 0.5025
0.8825 0.5265
-0.7476 0.5265
3.28

IMD2d1
12
-0.7476 0.5265
0.8825 0.5265
0.8825 0.5445
0.388924 0.5445
0.331076 0.5445
0.298924 0.5445
0.241076 0.5445
0.073924 0.5445
-0.073924 0.5445
-0.106076 0.5445
-0.253924 0.5445
-0.7476 0.5445
2.65

IMD2d1
4
-0.7476 0.5445
-0.253924 0.5445
-0.254528 0.5545
-0.7476 0.5545
2.65

IMD2d1_damage
8
-0.253924 0.5445
-0.106076 0.5445
-0.105472 0.5545
-0.110481 0.5545
-0.11549 0.5545
-0.24451 0.5545
-0.249519 0.5545
-0.254528 0.5545
3.1

IMD2d1
4
-0.106076 0.5445
-0.073924 0.5445
-0.074528 0.5545
-0.105472 0.5545
2.65

IMD2d1_damage
8
-0.073924 0.5445
0.073924 0.5445
0.074528 0.5545
0.069519 0.5545
0.06451 0.5545
-0.06451 0.5545
-0.069519 0.5545
-0.074528 0.5545
3.1

IMD2d1
4
0.073924 0.5445
0.241076 0.5445
0.240472 0.5545
0.074528 0.5545
2.65

IMD2d1_damage
8
0.241076 0.5445
0.298924 0.5445
0.299528 0.5545
0.294519 0.5545
0.28951 0.5545
0.25049 0.5545
0.245481 0.5545
0.240472 0.5545
3.1

IMD2d1
4
0.298924 0.5445
0.331076 0.5445
0.330472 0.5545
0.299528 0.5545
2.65

IMD2d1_damage
8
0.331076 0.5445
0.388924 0.5445
0.389528 0.5545
0.384519 0.5545
0.37951 0.5545
0.34049 0.5545
0.335481 0.5545
0.330472 0.5545
3.1

IMD2d1
4
0.388924 0.5445
0.8825 0.5445
0.8825 0.5545
0.389528 0.5545
2.65

IMD2d2
5
-0.7476 0.5545
-0.254528 0.5545
-0.249519 0.5545
-0.255499 0.6535
-0.7476 0.6535
2.65

IMD2d2_damage
4
-0.249519 0.5545
-0.24451 0.5545
-0.25049 0.6535
-0.255499 0.6535
2.9

IMD2d2_damage
4
-0.11549 0.5545
-0.110481 0.5545
-0.104501 0.6535
-0.10951 0.6535
2.9

IMD2d2
6
-0.110481 0.5545
-0.105472 0.5545
-0.074528 0.5545
-0.069519 0.5545
-0.075499 0.6535
-0.104501 0.6535
2.65

IMD2d2_damage
4
-0.069519 0.5545
-0.06451 0.5545
-0.07049 0.6535
-0.075499 0.6535
2.9

IMD2d2_damage
4
0.06451 0.5545
0.069519 0.5545
0.075499 0.6535
0.07049 0.6535
2.9

IMD2d2
6
0.069519 0.5545
0.074528 0.5545
0.240472 0.5545
0.245481 0.5545
0.239501 0.6535
0.075499 0.6535
2.65

IMD2d2_damage
4
0.245481 0.5545
0.25049 0.5545
0.24451 0.6535
0.239501 0.6535
2.9

IMD2d2_damage
4
0.28951 0.5545
0.294519 0.5545
0.300499 0.6535
0.29549 0.6535
2.9

IMD2d2
6
0.294519 0.5545
0.299528 0.5545
0.330472 0.5545
0.335481 0.5545
0.329501 0.6535
0.300499 0.6535
2.65

IMD2d2_damage
4
0.335481 0.5545
0.34049 0.5545
0.33451 0.6535
0.329501 0.6535
2.9

IMD2d2_damage
4
0.37951 0.5545
0.384519 0.5545
0.390499 0.6535
0.38549 0.6535
2.9

IMD2d2
5
0.384519 0.5545
0.389528 0.5545
0.8825 0.5545
0.8825 0.6535
0.390499 0.6535
2.65

IMD3a
20
-0.7476 0.6535
-0.255499 0.6535
-0.25049 0.6535
-0.10951 0.6535
-0.104501 0.6535
-0.075499 0.6535
-0.07049 0.6535
0.07049 0.6535
0.075499 0.6535
0.239501 0.6535
0.24451 0.6535
0.29549 0.6535
0.300499 0.6535
0.329501 0.6535
0.33451 0.6535
0.38549 0.6535
0.390499 0.6535
0.8825 0.6535
0.8825 0.6745
-0.7476 0.6745
5.2

IMD3b
4
-0.7476 0.6745
0.8825 0.6745
0.8825 0.6895
-0.7476 0.6895
4.2

IMD3c
4
-0.7476 0.6895
0.8825 0.6895
0.8825 0.7135
-0.7476 0.7135
3.28

IMD3d1
5
-0.7476 0.7135
0.8825 0.7135
0.8825 0.7315
-0.7475 0.7315
-0.7476 0.7315
2.65

IMD3d1
4
-0.7476 0.7315
-0.7475 0.7315
-0.7475 0.7415
-0.7476 0.7415
2.65

IMD3d1_damage
5
-0.7475 0.7315
0.8825 0.7315
0.8825 0.7415
0 0.7415
-0.7475 0.7415
3.1


4
-0.7476 0.001
0.8825 0.001
0.8825 0.7415
-0.7476 0.7415

