c1
4
-0.01951 0.5545
0.01951 0.5545
0.02549 0.6535
-0.02549 0.6535

7
botleft
4
-0.8825 -0.001
0 -0.001
0 0.001
-0.8825 0.001

botright
4
0 -0.001
3.2675 -0.001
3.2675 0.001
0 0.001

lEnv
4
-0.37951 0.5545
-0.34049 0.5545
-0.33451 0.6535
-0.38549 0.6535

c2
4
0.65549 0.5545
1.54951 0.5545
1.55549 0.6535
0.64951 0.6535

rEnv
4
1.87049 0.5545
2.76451 0.5545
2.77049 0.6535
1.86451 0.6535

topleft
4
-0.8825 0.7415
0 0.7415
0 0.8405
-0.8825 0.8405

topright
4
0 0.7415
3.2675 0.7415
3.2675 0.8405
0 0.8405


36
FOXA+FOXB+TOX
5
-0.8825 0.001
0 0.001
3.2675 0.001
3.2675 0.2665
-0.8825 0.2665
4

ILD1a
4
-0.8825 0.2665
3.2675 0.2665
3.2675 0.2765
-0.8825 0.2765
7

ILD1b1+ILD1b2+ILD1b3
4
-0.8825 0.2765
3.2675 0.2765
3.2675 0.3955
-0.8825 0.3955
4

IMD1a
4
-0.8825 0.3955
3.2675 0.3955
3.2675 0.4065
-0.8825 0.4065
5.2

IMD1b
4
-0.8825 0.4065
3.2675 0.4065
3.2675 0.4665
-0.8825 0.4665
2.8

IMD2a
4
-0.8825 0.4665
3.2675 0.4665
3.2675 0.4875
-0.8825 0.4875
5.2

IMD2b
4
-0.8825 0.4875
3.2675 0.4875
3.2675 0.5025
-0.8825 0.5025
4.2

IMD2c
4
-0.8825 0.5025
3.2675 0.5025
3.2675 0.5265
-0.8825 0.5265
3.28

IMD2d1
12
-0.8825 0.5265
3.2675 0.5265
3.2675 0.5445
2.773924 0.5445
1.861076 0.5445
1.558924 0.5445
0.646076 0.5445
0.028924 0.5445
-0.028924 0.5445
-0.331076 0.5445
-0.388924 0.5445
-0.8825 0.5445
2.65

IMD2d1
4
-0.8825 0.5445
-0.388924 0.5445
-0.389528 0.5545
-0.8825 0.5545
2.65

IMD2d1_damage
8
-0.388924 0.5445
-0.331076 0.5445
-0.330472 0.5545
-0.335481 0.5545
-0.34049 0.5545
-0.37951 0.5545
-0.384519 0.5545
-0.389528 0.5545
3.1

IMD2d1
4
-0.331076 0.5445
-0.028924 0.5445
-0.029528 0.5545
-0.330472 0.5545
2.65

IMD2d1_damage
8
-0.028924 0.5445
0.028924 0.5445
0.029528 0.5545
0.024519 0.5545
0.01951 0.5545
-0.01951 0.5545
-0.024519 0.5545
-0.029528 0.5545
3.1

IMD2d1
4
0.028924 0.5445
0.646076 0.5445
0.645472 0.5545
0.029528 0.5545
2.65

IMD2d1_damage
8
0.646076 0.5445
1.558924 0.5445
1.559528 0.5545
1.554519 0.5545
1.54951 0.5545
0.65549 0.5545
0.650481 0.5545
0.645472 0.5545
3.1

IMD2d1
4
1.558924 0.5445
1.861076 0.5445
1.860472 0.5545
1.559528 0.5545
2.65

IMD2d1_damage
8
1.861076 0.5445
2.773924 0.5445
2.774528 0.5545
2.769519 0.5545
2.76451 0.5545
1.87049 0.5545
1.865481 0.5545
1.860472 0.5545
3.1

IMD2d1
4
2.773924 0.5445
3.2675 0.5445
3.2675 0.5545
2.774528 0.5545
2.65

IMD2d2
5
-0.8825 0.5545
-0.389528 0.5545
-0.384519 0.5545
-0.390499 0.6535
-0.8825 0.6535
2.65

IMD2d2_damage
4
-0.384519 0.5545
-0.37951 0.5545
-0.38549 0.6535
-0.390499 0.6535
2.9

IMD2d2_damage
4
-0.34049 0.5545
-0.335481 0.5545
-0.329501 0.6535
-0.33451 0.6535
2.9

IMD2d2
6
-0.335481 0.5545
-0.330472 0.5545
-0.029528 0.5545
-0.024519 0.5545
-0.030499 0.6535
-0.329501 0.6535
2.65

IMD2d2_damage
4
-0.024519 0.5545
-0.01951 0.5545
-0.02549 0.6535
-0.030499 0.6535
2.9

IMD2d2_damage
4
0.01951 0.5545
0.024519 0.5545
0.030499 0.6535
0.02549 0.6535
2.9

IMD2d2
6
0.024519 0.5545
0.029528 0.5545
0.645472 0.5545
0.650481 0.5545
0.644501 0.6535
0.030499 0.6535
2.65

IMD2d2_damage
4
0.650481 0.5545
0.65549 0.5545
0.64951 0.6535
0.644501 0.6535
2.9

IMD2d2_damage
4
1.54951 0.5545
1.554519 0.5545
1.560499 0.6535
1.55549 0.6535
2.9

IMD2d2
6
1.554519 0.5545
1.559528 0.5545
1.860472 0.5545
1.865481 0.5545
1.859501 0.6535
1.560499 0.6535
2.65

IMD2d2_damage
4
1.865481 0.5545
1.87049 0.5545
1.86451 0.6535
1.859501 0.6535
2.9

IMD2d2_damage
4
2.76451 0.5545
2.769519 0.5545
2.775499 0.6535
2.77049 0.6535
2.9

IMD2d2
5
2.769519 0.5545
2.774528 0.5545
3.2675 0.5545
3.2675 0.6535
2.775499 0.6535
2.65

IMD3a
20
-0.8825 0.6535
-0.390499 0.6535
-0.38549 0.6535
-0.33451 0.6535
-0.329501 0.6535
-0.030499 0.6535
-0.02549 0.6535
0.02549 0.6535
0.030499 0.6535
0.644501 0.6535
0.64951 0.6535
1.55549 0.6535
1.560499 0.6535
1.859501 0.6535
1.86451 0.6535
2.77049 0.6535
2.775499 0.6535
3.2675 0.6535
3.2675 0.6745
-0.8825 0.6745
5.2

IMD3b
4
-0.8825 0.6745
3.2675 0.6745
3.2675 0.6895
-0.8825 0.6895
4.2

IMD3c
4
-0.8825 0.6895
3.2675 0.6895
3.2675 0.7135
-0.8825 0.7135
3.28

IMD3d1
4
-0.8825 0.7135
3.2675 0.7135
3.2675 0.7315
-0.8825 0.7315
2.65

IMD3d1_damage
5
-0.8825 0.7315
3.2675 0.7315
3.2675 0.7415
0 0.7415
-0.8825 0.7415
3.1


4
-0.8825 0.001
3.2675 0.001
3.2675 0.7415
-0.8825 0.7415

