c1
4
-0.44701 0.5545
0.44701 0.5545
0.45299 0.6535
-0.45299 0.6535

7
botleft
4
-1.895 -0.001
0 -0.001
0 0.001
-1.895 0.001

botright
4
0 -0.001
1.1255 -0.001
1.1255 0.001
0 0.001

lEnv
4
-1.39201 0.5545
-0.49799 0.5545
-0.49201 0.6535
-1.39799 0.6535

c2
4
0.49349 0.5545
0.53251 0.5545
0.53849 0.6535
0.48751 0.6535

rEnv
4
0.58349 0.5545
0.62251 0.5545
0.62849 0.6535
0.57751 0.6535

topleft
4
-1.895 0.7415
0 0.7415
0 0.8405
-1.895 0.8405

topright
4
0 0.7415
1.1255 0.7415
1.1255 0.8405
0 0.8405


36
FOXA+FOXB+TOX
5
-1.895 0.001
0 0.001
1.1255 0.001
1.1255 0.2665
-1.895 0.2665
4

ILD1a
4
-1.895 0.2665
1.1255 0.2665
1.1255 0.2765
-1.895 0.2765
7

ILD1b1+ILD1b2+ILD1b3
4
-1.895 0.2765
1.1255 0.2765
1.1255 0.3955
-1.895 0.3955
4

IMD1a
4
-1.895 0.3955
1.1255 0.3955
1.1255 0.4065
-1.895 0.4065
5.2

IMD1b
4
-1.895 0.4065
1.1255 0.4065
1.1255 0.4665
-1.895 0.4665
2.8

IMD2a
4
-1.895 0.4665
1.1255 0.4665
1.1255 0.4875
-1.895 0.4875
5.2

IMD2b
4
-1.895 0.4875
1.1255 0.4875
1.1255 0.5025
-1.895 0.5025
4.2

IMD2c
4
-1.895 0.5025
1.1255 0.5025
1.1255 0.5265
-1.895 0.5265
3.28

IMD2d1
12
-1.895 0.5265
1.1255 0.5265
1.1255 0.5445
0.631924 0.5445
0.574076 0.5445
0.541924 0.5445
0.484076 0.5445
0.456424 0.5445
-0.456424 0.5445
-0.488576 0.5445
-1.401424 0.5445
-1.895 0.5445
2.65

IMD2d1
4
-1.895 0.5445
-1.401424 0.5445
-1.402028 0.5545
-1.895 0.5545
2.65

IMD2d1_damage
8
-1.401424 0.5445
-0.488576 0.5445
-0.487972 0.5545
-0.492981 0.5545
-0.49799 0.5545
-1.39201 0.5545
-1.397019 0.5545
-1.402028 0.5545
3.1

IMD2d1
4
-0.488576 0.5445
-0.456424 0.5445
-0.457028 0.5545
-0.487972 0.5545
2.65

IMD2d1_damage
8
-0.456424 0.5445
0.456424 0.5445
0.457028 0.5545
0.452019 0.5545
0.44701 0.5545
-0.44701 0.5545
-0.452019 0.5545
-0.457028 0.5545
3.1

IMD2d1
4
0.456424 0.5445
0.484076 0.5445
0.483472 0.5545
0.457028 0.5545
2.65

IMD2d1_damage
8
0.484076 0.5445
0.541924 0.5445
0.542528 0.5545
0.537519 0.5545
0.53251 0.5545
0.49349 0.5545
0.488481 0.5545
0.483472 0.5545
3.1

IMD2d1
4
0.541924 0.5445
0.574076 0.5445
0.573472 0.5545
0.542528 0.5545
2.65

IMD2d1_damage
8
0.574076 0.5445
0.631924 0.5445
0.632528 0.5545
0.627519 0.5545
0.62251 0.5545
0.58349 0.5545
0.578481 0.5545
0.573472 0.5545
3.1

IMD2d1
4
0.631924 0.5445
1.1255 0.5445
1.1255 0.5545
0.632528 0.5545
2.65

IMD2d2
5
-1.895 0.5545
-1.402028 0.5545
-1.397019 0.5545
-1.402999 0.6535
-1.895 0.6535
2.65

IMD2d2_damage
4
-1.397019 0.5545
-1.39201 0.5545
-1.39799 0.6535
-1.402999 0.6535
2.9

IMD2d2_damage
4
-0.49799 0.5545
-0.492981 0.5545
-0.487001 0.6535
-0.49201 0.6535
2.9

IMD2d2
6
-0.492981 0.5545
-0.487972 0.5545
-0.457028 0.5545
-0.452019 0.5545
-0.457999 0.6535
-0.487001 0.6535
2.65

IMD2d2_damage
4
-0.452019 0.5545
-0.44701 0.5545
-0.45299 0.6535
-0.457999 0.6535
2.9

IMD2d2_damage
4
0.44701 0.5545
0.452019 0.5545
0.457999 0.6535
0.45299 0.6535
2.9

IMD2d2
6
0.452019 0.5545
0.457028 0.5545
0.483472 0.5545
0.488481 0.5545
0.482501 0.6535
0.457999 0.6535
2.65

IMD2d2_damage
4
0.488481 0.5545
0.49349 0.5545
0.48751 0.6535
0.482501 0.6535
2.9

IMD2d2_damage
4
0.53251 0.5545
0.537519 0.5545
0.543499 0.6535
0.53849 0.6535
2.9

IMD2d2
6
0.537519 0.5545
0.542528 0.5545
0.573472 0.5545
0.578481 0.5545
0.572501 0.6535
0.543499 0.6535
2.65

IMD2d2_damage
4
0.578481 0.5545
0.58349 0.5545
0.57751 0.6535
0.572501 0.6535
2.9

IMD2d2_damage
4
0.62251 0.5545
0.627519 0.5545
0.633499 0.6535
0.62849 0.6535
2.9

IMD2d2
5
0.627519 0.5545
0.632528 0.5545
1.1255 0.5545
1.1255 0.6535
0.633499 0.6535
2.65

IMD3a
20
-1.895 0.6535
-1.402999 0.6535
-1.39799 0.6535
-0.49201 0.6535
-0.487001 0.6535
-0.457999 0.6535
-0.45299 0.6535
0.45299 0.6535
0.457999 0.6535
0.482501 0.6535
0.48751 0.6535
0.53849 0.6535
0.543499 0.6535
0.572501 0.6535
0.57751 0.6535
0.62849 0.6535
0.633499 0.6535
1.1255 0.6535
1.1255 0.6745
-1.895 0.6745
5.2

IMD3b
4
-1.895 0.6745
1.1255 0.6745
1.1255 0.6895
-1.895 0.6895
4.2

IMD3c
4
-1.895 0.6895
1.1255 0.6895
1.1255 0.7135
-1.895 0.7135
3.28

IMD3d1
4
-1.895 0.7135
1.1255 0.7135
1.1255 0.7315
-1.895 0.7315
2.65

IMD3d1_damage
5
-1.895 0.7315
1.1255 0.7315
1.1255 0.7415
0 0.7415
-1.895 0.7415
3.1


4
-1.895 0.001
1.1255 0.001
1.1255 0.7415
-1.895 0.7415

