botcenter
4
0 -0.001
1.035 -0.001
1.035 0.001
0 0.001

9
botleft
4
-1.895 -0.001
0 -0.001
0 0.001
-1.895 0.001

botright
4
1.035 -0.001
2.93 -0.001
2.93 0.001
1.035 0.001

lEnv
4
-1.39201 0.5545
-0.49799 0.5545
-0.49201 0.6535
-1.39799 0.6535

c1
4
-0.44701 0.5545
0.44701 0.5545
0.45299 0.6535
-0.45299 0.6535

c2
4
0.58799 0.5545
1.48201 0.5545
1.48799 0.6535
0.58201 0.6535

rEnv
4
1.53299 0.5545
2.42701 0.5545
2.43299 0.6535
1.52701 0.6535

topleft
4
-1.895 0.7415
0 0.7415
0 0.8405
-1.895 0.8405

topcenter
4
0 0.7415
1.035 0.7415
1.035 0.8405
0 0.8405

topright
4
1.035 0.7415
2.93 0.7415
2.93 0.8405
1.035 0.8405


36
FOXA+FOXB+TOX
6
-1.895 0.001
0 0.001
1.035 0.001
2.93 0.001
2.93 0.2665
-1.895 0.2665
4

ILD1a
4
-1.895 0.2665
2.93 0.2665
2.93 0.2765
-1.895 0.2765
7

ILD1b1+ILD1b2+ILD1b3
4
-1.895 0.2765
2.93 0.2765
2.93 0.3955
-1.895 0.3955
4

IMD1a
4
-1.895 0.3955
2.93 0.3955
2.93 0.4065
-1.895 0.4065
5.2

IMD1b
4
-1.895 0.4065
2.93 0.4065
2.93 0.4665
-1.895 0.4665
2.8

IMD2a
4
-1.895 0.4665
2.93 0.4665
2.93 0.4875
-1.895 0.4875
5.2

IMD2b
4
-1.895 0.4875
2.93 0.4875
2.93 0.5025
-1.895 0.5025
4.2

IMD2c
4
-1.895 0.5025
2.93 0.5025
2.93 0.5265
-1.895 0.5265
3.28

IMD2d1
12
-1.895 0.5265
2.93 0.5265
2.93 0.5445
2.436424 0.5445
1.523576 0.5445
1.491424 0.5445
0.578576 0.5445
0.456424 0.5445
-0.456424 0.5445
-0.488576 0.5445
-1.401424 0.5445
-1.895 0.5445
2.65

IMD2d1
4
-1.895 0.5445
-1.401424 0.5445
-1.402028 0.5545
-1.895 0.5545
2.65

IMD2d1_damage
8
-1.401424 0.5445
-0.488576 0.5445
-0.487972 0.5545
-0.492981 0.5545
-0.49799 0.5545
-1.39201 0.5545
-1.397019 0.5545
-1.402028 0.5545
3.1

IMD2d1
4
-0.488576 0.5445
-0.456424 0.5445
-0.457028 0.5545
-0.487972 0.5545
2.65

IMD2d1_damage
8
-0.456424 0.5445
0.456424 0.5445
0.457028 0.5545
0.452019 0.5545
0.44701 0.5545
-0.44701 0.5545
-0.452019 0.5545
-0.457028 0.5545
3.1

IMD2d1
4
0.456424 0.5445
0.578576 0.5445
0.577972 0.5545
0.457028 0.5545
2.65

IMD2d1_damage
8
0.578576 0.5445
1.491424 0.5445
1.492028 0.5545
1.487019 0.5545
1.48201 0.5545
0.58799 0.5545
0.582981 0.5545
0.577972 0.5545
3.1

IMD2d1
4
1.491424 0.5445
1.523576 0.5445
1.522972 0.5545
1.492028 0.5545
2.65

IMD2d1_damage
8
1.523576 0.5445
2.436424 0.5445
2.437028 0.5545
2.432019 0.5545
2.42701 0.5545
1.53299 0.5545
1.527981 0.5545
1.522972 0.5545
3.1

IMD2d1
4
2.436424 0.5445
2.93 0.5445
2.93 0.5545
2.437028 0.5545
2.65

IMD2d2
5
-1.895 0.5545
-1.402028 0.5545
-1.397019 0.5545
-1.402999 0.6535
-1.895 0.6535
2.65

IMD2d2_damage
4
-1.397019 0.5545
-1.39201 0.5545
-1.39799 0.6535
-1.402999 0.6535
2.9

IMD2d2_damage
4
-0.49799 0.5545
-0.492981 0.5545
-0.487001 0.6535
-0.49201 0.6535
2.9

IMD2d2
6
-0.492981 0.5545
-0.487972 0.5545
-0.457028 0.5545
-0.452019 0.5545
-0.457999 0.6535
-0.487001 0.6535
2.65

IMD2d2_damage
4
-0.452019 0.5545
-0.44701 0.5545
-0.45299 0.6535
-0.457999 0.6535
2.9

IMD2d2_damage
4
0.44701 0.5545
0.452019 0.5545
0.457999 0.6535
0.45299 0.6535
2.9

IMD2d2
6
0.452019 0.5545
0.457028 0.5545
0.577972 0.5545
0.582981 0.5545
0.577001 0.6535
0.457999 0.6535
2.65

IMD2d2_damage
4
0.582981 0.5545
0.58799 0.5545
0.58201 0.6535
0.577001 0.6535
2.9

IMD2d2_damage
4
1.48201 0.5545
1.487019 0.5545
1.492999 0.6535
1.48799 0.6535
2.9

IMD2d2
6
1.487019 0.5545
1.492028 0.5545
1.522972 0.5545
1.527981 0.5545
1.522001 0.6535
1.492999 0.6535
2.65

IMD2d2_damage
4
1.527981 0.5545
1.53299 0.5545
1.52701 0.6535
1.522001 0.6535
2.9

IMD2d2_damage
4
2.42701 0.5545
2.432019 0.5545
2.437999 0.6535
2.43299 0.6535
2.9

IMD2d2
5
2.432019 0.5545
2.437028 0.5545
2.93 0.5545
2.93 0.6535
2.437999 0.6535
2.65

IMD3a
20
-1.895 0.6535
-1.402999 0.6535
-1.39799 0.6535
-0.49201 0.6535
-0.487001 0.6535
-0.457999 0.6535
-0.45299 0.6535
0.45299 0.6535
0.457999 0.6535
0.577001 0.6535
0.58201 0.6535
1.48799 0.6535
1.492999 0.6535
1.522001 0.6535
1.52701 0.6535
2.43299 0.6535
2.437999 0.6535
2.93 0.6535
2.93 0.6745
-1.895 0.6745
5.2

IMD3b
4
-1.895 0.6745
2.93 0.6745
2.93 0.6895
-1.895 0.6895
4.2

IMD3c
4
-1.895 0.6895
2.93 0.6895
2.93 0.7135
-1.895 0.7135
3.28

IMD3d1
4
-1.895 0.7135
2.93 0.7135
2.93 0.7315
-1.895 0.7315
2.65

IMD3d1_damage
6
-1.895 0.7315
2.93 0.7315
2.93 0.7415
1.035 0.7415
0 0.7415
-1.895 0.7415
3.1


4
-1.895 0.001
2.93 0.001
2.93 0.7415
-1.895 0.7415

