c1
4
-0.44701 0.5545
0.44701 0.5545
0.45299 0.6535
-0.45299 0.6535

7
botleft
4
-2.165 -0.001
0 -0.001
0 0.001
-2.165 0.001

botright
4
0 -0.001
3.155 -0.001
3.155 0.001
0 0.001

lEnv
4
-1.66201 0.5545
-0.76799 0.5545
-0.76201 0.6535
-1.66799 0.6535

c2
4
0.54299 0.5545
1.43701 0.5545
1.44299 0.6535
0.53701 0.6535

rEnv
4
1.75799 0.5545
2.65201 0.5545
2.65799 0.6535
1.75201 0.6535

topleft
4
-2.165 0.7415
0 0.7415
0 0.8405
-2.165 0.8405

topright
4
0 0.7415
3.155 0.7415
3.155 0.8405
0 0.8405


36
FOXA+FOXB+TOX
5
-2.165 0.001
0 0.001
3.155 0.001
3.155 0.2665
-2.165 0.2665
4

ILD1a
4
-2.165 0.2665
3.155 0.2665
3.155 0.2765
-2.165 0.2765
7

ILD1b1+ILD1b2+ILD1b3
4
-2.165 0.2765
3.155 0.2765
3.155 0.3955
-2.165 0.3955
4

IMD1a
4
-2.165 0.3955
3.155 0.3955
3.155 0.4065
-2.165 0.4065
5.2

IMD1b
4
-2.165 0.4065
3.155 0.4065
3.155 0.4665
-2.165 0.4665
2.8

IMD2a
4
-2.165 0.4665
3.155 0.4665
3.155 0.4875
-2.165 0.4875
5.2

IMD2b
4
-2.165 0.4875
3.155 0.4875
3.155 0.5025
-2.165 0.5025
4.2

IMD2c
4
-2.165 0.5025
3.155 0.5025
3.155 0.5265
-2.165 0.5265
3.28

IMD2d1
12
-2.165 0.5265
3.155 0.5265
3.155 0.5445
2.661424 0.5445
1.748576 0.5445
1.446424 0.5445
0.533576 0.5445
0.456424 0.5445
-0.456424 0.5445
-0.758576 0.5445
-1.671424 0.5445
-2.165 0.5445
2.65

IMD2d1
4
-2.165 0.5445
-1.671424 0.5445
-1.672028 0.5545
-2.165 0.5545
2.65

IMD2d1_damage
8
-1.671424 0.5445
-0.758576 0.5445
-0.757972 0.5545
-0.762981 0.5545
-0.76799 0.5545
-1.66201 0.5545
-1.667019 0.5545
-1.672028 0.5545
3.1

IMD2d1
4
-0.758576 0.5445
-0.456424 0.5445
-0.457028 0.5545
-0.757972 0.5545
2.65

IMD2d1_damage
8
-0.456424 0.5445
0.456424 0.5445
0.457028 0.5545
0.452019 0.5545
0.44701 0.5545
-0.44701 0.5545
-0.452019 0.5545
-0.457028 0.5545
3.1

IMD2d1
4
0.456424 0.5445
0.533576 0.5445
0.532972 0.5545
0.457028 0.5545
2.65

IMD2d1_damage
8
0.533576 0.5445
1.446424 0.5445
1.447028 0.5545
1.442019 0.5545
1.43701 0.5545
0.54299 0.5545
0.537981 0.5545
0.532972 0.5545
3.1

IMD2d1
4
1.446424 0.5445
1.748576 0.5445
1.747972 0.5545
1.447028 0.5545
2.65

IMD2d1_damage
8
1.748576 0.5445
2.661424 0.5445
2.662028 0.5545
2.657019 0.5545
2.65201 0.5545
1.75799 0.5545
1.752981 0.5545
1.747972 0.5545
3.1

IMD2d1
4
2.661424 0.5445
3.155 0.5445
3.155 0.5545
2.662028 0.5545
2.65

IMD2d2
5
-2.165 0.5545
-1.672028 0.5545
-1.667019 0.5545
-1.672999 0.6535
-2.165 0.6535
2.65

IMD2d2_damage
4
-1.667019 0.5545
-1.66201 0.5545
-1.66799 0.6535
-1.672999 0.6535
2.9

IMD2d2_damage
4
-0.76799 0.5545
-0.762981 0.5545
-0.757001 0.6535
-0.76201 0.6535
2.9

IMD2d2
6
-0.762981 0.5545
-0.757972 0.5545
-0.457028 0.5545
-0.452019 0.5545
-0.457999 0.6535
-0.757001 0.6535
2.65

IMD2d2_damage
4
-0.452019 0.5545
-0.44701 0.5545
-0.45299 0.6535
-0.457999 0.6535
2.9

IMD2d2_damage
4
0.44701 0.5545
0.452019 0.5545
0.457999 0.6535
0.45299 0.6535
2.9

IMD2d2
6
0.452019 0.5545
0.457028 0.5545
0.532972 0.5545
0.537981 0.5545
0.532001 0.6535
0.457999 0.6535
2.65

IMD2d2_damage
4
0.537981 0.5545
0.54299 0.5545
0.53701 0.6535
0.532001 0.6535
2.9

IMD2d2_damage
4
1.43701 0.5545
1.442019 0.5545
1.447999 0.6535
1.44299 0.6535
2.9

IMD2d2
6
1.442019 0.5545
1.447028 0.5545
1.747972 0.5545
1.752981 0.5545
1.747001 0.6535
1.447999 0.6535
2.65

IMD2d2_damage
4
1.752981 0.5545
1.75799 0.5545
1.75201 0.6535
1.747001 0.6535
2.9

IMD2d2_damage
4
2.65201 0.5545
2.657019 0.5545
2.662999 0.6535
2.65799 0.6535
2.9

IMD2d2
5
2.657019 0.5545
2.662028 0.5545
3.155 0.5545
3.155 0.6535
2.662999 0.6535
2.65

IMD3a
20
-2.165 0.6535
-1.672999 0.6535
-1.66799 0.6535
-0.76201 0.6535
-0.757001 0.6535
-0.457999 0.6535
-0.45299 0.6535
0.45299 0.6535
0.457999 0.6535
0.532001 0.6535
0.53701 0.6535
1.44299 0.6535
1.447999 0.6535
1.747001 0.6535
1.75201 0.6535
2.65799 0.6535
2.662999 0.6535
3.155 0.6535
3.155 0.6745
-2.165 0.6745
5.2

IMD3b
4
-2.165 0.6745
3.155 0.6745
3.155 0.6895
-2.165 0.6895
4.2

IMD3c
4
-2.165 0.6895
3.155 0.6895
3.155 0.7135
-2.165 0.7135
3.28

IMD3d1
4
-2.165 0.7135
3.155 0.7135
3.155 0.7315
-2.165 0.7315
2.65

IMD3d1_damage
5
-2.165 0.7315
3.155 0.7315
3.155 0.7415
0 0.7415
-2.165 0.7415
3.1


4
-2.165 0.001
3.155 0.001
3.155 0.7415
-2.165 0.7415

