c1
4
-0.06451 0.5545
0.06451 0.5545
0.07049 0.6535
-0.07049 0.6535

7
botleft
4
-0.7475 -0.001
0 -0.001
0 0.001
-0.7475 0.001

botright
4
0 -0.001
3.0425 -0.001
3.0425 0.001
0 0.001

lEnv
4
-0.24451 0.5545
-0.11549 0.5545
-0.10951 0.6535
-0.25049 0.6535

c2
4
0.70049 0.5545
1.59451 0.5545
1.60049 0.6535
0.69451 0.6535

rEnv
4
1.64549 0.5545
2.53951 0.5545
2.54549 0.6535
1.63951 0.6535

topleft
4
-0.7475 0.7415
0 0.7415
0 0.8405
-0.7475 0.8405

topright
4
0 0.7415
3.0425 0.7415
3.0425 0.8405
0 0.8405


37
FOXA+FOXB+TOX
6
-0.7476 0.001
-0.7475 0.001
0 0.001
3.0425 0.001
3.0425 0.2665
-0.7476 0.2665
4

ILD1a
4
-0.7476 0.2665
3.0425 0.2665
3.0425 0.2765
-0.7476 0.2765
7

ILD1b1+ILD1b2+ILD1b3
4
-0.7476 0.2765
3.0425 0.2765
3.0425 0.3955
-0.7476 0.3955
4

IMD1a
4
-0.7476 0.3955
3.0425 0.3955
3.0425 0.4065
-0.7476 0.4065
5.2

IMD1b
4
-0.7476 0.4065
3.0425 0.4065
3.0425 0.4665
-0.7476 0.4665
2.8

IMD2a
4
-0.7476 0.4665
3.0425 0.4665
3.0425 0.4875
-0.7476 0.4875
5.2

IMD2b
4
-0.7476 0.4875
3.0425 0.4875
3.0425 0.5025
-0.7476 0.5025
4.2

IMD2c
4
-0.7476 0.5025
3.0425 0.5025
3.0425 0.5265
-0.7476 0.5265
3.28

IMD2d1
12
-0.7476 0.5265
3.0425 0.5265
3.0425 0.5445
2.548924 0.5445
1.636076 0.5445
1.603924 0.5445
0.691076 0.5445
0.073924 0.5445
-0.073924 0.5445
-0.106076 0.5445
-0.253924 0.5445
-0.7476 0.5445
2.65

IMD2d1
4
-0.7476 0.5445
-0.253924 0.5445
-0.254528 0.5545
-0.7476 0.5545
2.65

IMD2d1_damage
8
-0.253924 0.5445
-0.106076 0.5445
-0.105472 0.5545
-0.110481 0.5545
-0.11549 0.5545
-0.24451 0.5545
-0.249519 0.5545
-0.254528 0.5545
3.1

IMD2d1
4
-0.106076 0.5445
-0.073924 0.5445
-0.074528 0.5545
-0.105472 0.5545
2.65

IMD2d1_damage
8
-0.073924 0.5445
0.073924 0.5445
0.074528 0.5545
0.069519 0.5545
0.06451 0.5545
-0.06451 0.5545
-0.069519 0.5545
-0.074528 0.5545
3.1

IMD2d1
4
0.073924 0.5445
0.691076 0.5445
0.690472 0.5545
0.074528 0.5545
2.65

IMD2d1_damage
8
0.691076 0.5445
1.603924 0.5445
1.604528 0.5545
1.599519 0.5545
1.59451 0.5545
0.70049 0.5545
0.695481 0.5545
0.690472 0.5545
3.1

IMD2d1
4
1.603924 0.5445
1.636076 0.5445
1.635472 0.5545
1.604528 0.5545
2.65

IMD2d1_damage
8
1.636076 0.5445
2.548924 0.5445
2.549528 0.5545
2.544519 0.5545
2.53951 0.5545
1.64549 0.5545
1.640481 0.5545
1.635472 0.5545
3.1

IMD2d1
4
2.548924 0.5445
3.0425 0.5445
3.0425 0.5545
2.549528 0.5545
2.65

IMD2d2
5
-0.7476 0.5545
-0.254528 0.5545
-0.249519 0.5545
-0.255499 0.6535
-0.7476 0.6535
2.65

IMD2d2_damage
4
-0.249519 0.5545
-0.24451 0.5545
-0.25049 0.6535
-0.255499 0.6535
2.9

IMD2d2_damage
4
-0.11549 0.5545
-0.110481 0.5545
-0.104501 0.6535
-0.10951 0.6535
2.9

IMD2d2
6
-0.110481 0.5545
-0.105472 0.5545
-0.074528 0.5545
-0.069519 0.5545
-0.075499 0.6535
-0.104501 0.6535
2.65

IMD2d2_damage
4
-0.069519 0.5545
-0.06451 0.5545
-0.07049 0.6535
-0.075499 0.6535
2.9

IMD2d2_damage
4
0.06451 0.5545
0.069519 0.5545
0.075499 0.6535
0.07049 0.6535
2.9

IMD2d2
6
0.069519 0.5545
0.074528 0.5545
0.690472 0.5545
0.695481 0.5545
0.689501 0.6535
0.075499 0.6535
2.65

IMD2d2_damage
4
0.695481 0.5545
0.70049 0.5545
0.69451 0.6535
0.689501 0.6535
2.9

IMD2d2_damage
4
1.59451 0.5545
1.599519 0.5545
1.605499 0.6535
1.60049 0.6535
2.9

IMD2d2
6
1.599519 0.5545
1.604528 0.5545
1.635472 0.5545
1.640481 0.5545
1.634501 0.6535
1.605499 0.6535
2.65

IMD2d2_damage
4
1.640481 0.5545
1.64549 0.5545
1.63951 0.6535
1.634501 0.6535
2.9

IMD2d2_damage
4
2.53951 0.5545
2.544519 0.5545
2.550499 0.6535
2.54549 0.6535
2.9

IMD2d2
5
2.544519 0.5545
2.549528 0.5545
3.0425 0.5545
3.0425 0.6535
2.550499 0.6535
2.65

IMD3a
20
-0.7476 0.6535
-0.255499 0.6535
-0.25049 0.6535
-0.10951 0.6535
-0.104501 0.6535
-0.075499 0.6535
-0.07049 0.6535
0.07049 0.6535
0.075499 0.6535
0.689501 0.6535
0.69451 0.6535
1.60049 0.6535
1.605499 0.6535
1.634501 0.6535
1.63951 0.6535
2.54549 0.6535
2.550499 0.6535
3.0425 0.6535
3.0425 0.6745
-0.7476 0.6745
5.2

IMD3b
4
-0.7476 0.6745
3.0425 0.6745
3.0425 0.6895
-0.7476 0.6895
4.2

IMD3c
4
-0.7476 0.6895
3.0425 0.6895
3.0425 0.7135
-0.7476 0.7135
3.28

IMD3d1
5
-0.7476 0.7135
3.0425 0.7135
3.0425 0.7315
-0.7475 0.7315
-0.7476 0.7315
2.65

IMD3d1
4
-0.7476 0.7315
-0.7475 0.7315
-0.7475 0.7415
-0.7476 0.7415
2.65

IMD3d1_damage
5
-0.7475 0.7315
3.0425 0.7315
3.0425 0.7415
0 0.7415
-0.7475 0.7415
3.1


4
-0.7476 0.001
3.0425 0.001
3.0425 0.7415
-0.7476 0.7415

