botcenter
4
0 -0.001
4.9725 -0.001
4.9725 0.001
0 0.001

4
botleft
4
-6.35 -0.001
0 -0.001
0 0.001
-6.35 0.001

c1
4
-0.44701 0.5545
0.44701 0.5545
0.45299 0.6535
-0.45299 0.6535

topleft
4
-6.35 0.7415
0 0.7415
0 0.8405
-6.35 0.8405

topcenter
4
0 0.7415
4.9725 0.7415
4.9725 0.8405
0 0.8405


22
FOXA+FOXB+TOX
6
-6.35 0.001
0 0.001
4.9725 0.001
10.04 0.001
10.04 0.2665
-6.35 0.2665
4

ILD1a
4
-6.35 0.2665
10.04 0.2665
10.04 0.2765
-6.35 0.2765
7

ILD1b1+ILD1b2+ILD1b3
4
-6.35 0.2765
10.04 0.2765
10.04 0.3955
-6.35 0.3955
4

IMD1a
4
-6.35 0.3955
10.04 0.3955
10.04 0.4065
-6.35 0.4065
5.2

IMD1b
4
-6.35 0.4065
10.04 0.4065
10.04 0.4665
-6.35 0.4665
2.8

IMD2a
4
-6.35 0.4665
10.04 0.4665
10.04 0.4875
-6.35 0.4875
5.2

IMD2b
4
-6.35 0.4875
10.04 0.4875
10.04 0.5025
-6.35 0.5025
4.2

IMD2c
4
-6.35 0.5025
10.04 0.5025
10.04 0.5265
-6.35 0.5265
3.28

IMD2d1
6
-6.35 0.5265
10.04 0.5265
10.04 0.5445
0.456424 0.5445
-0.456424 0.5445
-6.35 0.5445
2.65

IMD2d1
4
-6.35 0.5445
-0.456424 0.5445
-0.457028 0.5545
-6.35 0.5545
2.65

IMD2d1_damage
8
-0.456424 0.5445
0.456424 0.5445
0.457028 0.5545
0.452019 0.5545
0.44701 0.5545
-0.44701 0.5545
-0.452019 0.5545
-0.457028 0.5545
3.1

IMD2d1
4
0.456424 0.5445
10.04 0.5445
10.04 0.5545
0.457028 0.5545
2.65

IMD2d2
5
-6.35 0.5545
-0.457028 0.5545
-0.452019 0.5545
-0.457999 0.6535
-6.35 0.6535
2.65

IMD2d2_damage
4
-0.452019 0.5545
-0.44701 0.5545
-0.45299 0.6535
-0.457999 0.6535
2.9

IMD2d2_damage
4
0.44701 0.5545
0.452019 0.5545
0.457999 0.6535
0.45299 0.6535
2.9

IMD2d2
5
0.452019 0.5545
0.457028 0.5545
10.04 0.5545
10.04 0.6535
0.457999 0.6535
2.65

IMD3a
8
-6.35 0.6535
-0.457999 0.6535
-0.45299 0.6535
0.45299 0.6535
0.457999 0.6535
10.04 0.6535
10.04 0.6745
-6.35 0.6745
5.2

IMD3b
4
-6.35 0.6745
10.04 0.6745
10.04 0.6895
-6.35 0.6895
4.2

IMD3c
4
-6.35 0.6895
10.04 0.6895
10.04 0.7135
-6.35 0.7135
3.28

IMD3d1
5
-6.35 0.7135
10.04 0.7135
10.04 0.7315
4.9725 0.7315
-6.35 0.7315
2.65

IMD3d1_damage
5
-6.35 0.7315
4.9725 0.7315
4.9725 0.7415
0 0.7415
-6.35 0.7415
3.1

IMD3d1
4
4.9725 0.7315
10.04 0.7315
10.04 0.7415
4.9725 0.7415
2.65


4
-6.35 0.001
10.04 0.001
10.04 0.7415
-6.35 0.7415

