c1
4
-0.06451 0.5545
0.06451 0.5545
0.07049 0.6535
-0.07049 0.6535

7
botleft
4
-1.0175 -0.001
0 -0.001
0 0.001
-1.0175 0.001

botright
4
0 -0.001
2.7725 -0.001
2.7725 0.001
0 0.001

lEnv
4
-0.51451 0.5545
-0.38549 0.5545
-0.37951 0.6535
-0.52049 0.6535

c2
4
0.16049 0.5545
1.05451 0.5545
1.06049 0.6535
0.15451 0.6535

rEnv
4
1.37549 0.5545
2.26951 0.5545
2.27549 0.6535
1.36951 0.6535

topleft
4
-1.0175 0.7415
0 0.7415
0 0.8405
-1.0175 0.8405

topright
4
0 0.7415
2.7725 0.7415
2.7725 0.8405
0 0.8405


36
FOXA+FOXB+TOX
5
-1.0175 0.001
0 0.001
2.7725 0.001
2.7725 0.2665
-1.0175 0.2665
4

ILD1a
4
-1.0175 0.2665
2.7725 0.2665
2.7725 0.2765
-1.0175 0.2765
7

ILD1b1+ILD1b2+ILD1b3
4
-1.0175 0.2765
2.7725 0.2765
2.7725 0.3955
-1.0175 0.3955
4

IMD1a
4
-1.0175 0.3955
2.7725 0.3955
2.7725 0.4065
-1.0175 0.4065
5.2

IMD1b
4
-1.0175 0.4065
2.7725 0.4065
2.7725 0.4665
-1.0175 0.4665
2.8

IMD2a
4
-1.0175 0.4665
2.7725 0.4665
2.7725 0.4875
-1.0175 0.4875
5.2

IMD2b
4
-1.0175 0.4875
2.7725 0.4875
2.7725 0.5025
-1.0175 0.5025
4.2

IMD2c
4
-1.0175 0.5025
2.7725 0.5025
2.7725 0.5265
-1.0175 0.5265
3.28

IMD2d1
12
-1.0175 0.5265
2.7725 0.5265
2.7725 0.5445
2.278924 0.5445
1.366076 0.5445
1.063924 0.5445
0.151076 0.5445
0.073924 0.5445
-0.073924 0.5445
-0.376076 0.5445
-0.523924 0.5445
-1.0175 0.5445
2.65

IMD2d1
4
-1.0175 0.5445
-0.523924 0.5445
-0.524528 0.5545
-1.0175 0.5545
2.65

IMD2d1_damage
8
-0.523924 0.5445
-0.376076 0.5445
-0.375472 0.5545
-0.380481 0.5545
-0.38549 0.5545
-0.51451 0.5545
-0.519519 0.5545
-0.524528 0.5545
3.1

IMD2d1
4
-0.376076 0.5445
-0.073924 0.5445
-0.074528 0.5545
-0.375472 0.5545
2.65

IMD2d1_damage
8
-0.073924 0.5445
0.073924 0.5445
0.074528 0.5545
0.069519 0.5545
0.06451 0.5545
-0.06451 0.5545
-0.069519 0.5545
-0.074528 0.5545
3.1

IMD2d1
4
0.073924 0.5445
0.151076 0.5445
0.150472 0.5545
0.074528 0.5545
2.65

IMD2d1_damage
8
0.151076 0.5445
1.063924 0.5445
1.064528 0.5545
1.059519 0.5545
1.05451 0.5545
0.16049 0.5545
0.155481 0.5545
0.150472 0.5545
3.1

IMD2d1
4
1.063924 0.5445
1.366076 0.5445
1.365472 0.5545
1.064528 0.5545
2.65

IMD2d1_damage
8
1.366076 0.5445
2.278924 0.5445
2.279528 0.5545
2.274519 0.5545
2.26951 0.5545
1.37549 0.5545
1.370481 0.5545
1.365472 0.5545
3.1

IMD2d1
4
2.278924 0.5445
2.7725 0.5445
2.7725 0.5545
2.279528 0.5545
2.65

IMD2d2
5
-1.0175 0.5545
-0.524528 0.5545
-0.519519 0.5545
-0.525499 0.6535
-1.0175 0.6535
2.65

IMD2d2_damage
4
-0.519519 0.5545
-0.51451 0.5545
-0.52049 0.6535
-0.525499 0.6535
2.9

IMD2d2_damage
4
-0.38549 0.5545
-0.380481 0.5545
-0.374501 0.6535
-0.37951 0.6535
2.9

IMD2d2
6
-0.380481 0.5545
-0.375472 0.5545
-0.074528 0.5545
-0.069519 0.5545
-0.075499 0.6535
-0.374501 0.6535
2.65

IMD2d2_damage
4
-0.069519 0.5545
-0.06451 0.5545
-0.07049 0.6535
-0.075499 0.6535
2.9

IMD2d2_damage
4
0.06451 0.5545
0.069519 0.5545
0.075499 0.6535
0.07049 0.6535
2.9

IMD2d2
6
0.069519 0.5545
0.074528 0.5545
0.150472 0.5545
0.155481 0.5545
0.149501 0.6535
0.075499 0.6535
2.65

IMD2d2_damage
4
0.155481 0.5545
0.16049 0.5545
0.15451 0.6535
0.149501 0.6535
2.9

IMD2d2_damage
4
1.05451 0.5545
1.059519 0.5545
1.065499 0.6535
1.06049 0.6535
2.9

IMD2d2
6
1.059519 0.5545
1.064528 0.5545
1.365472 0.5545
1.370481 0.5545
1.364501 0.6535
1.065499 0.6535
2.65

IMD2d2_damage
4
1.370481 0.5545
1.37549 0.5545
1.36951 0.6535
1.364501 0.6535
2.9

IMD2d2_damage
4
2.26951 0.5545
2.274519 0.5545
2.280499 0.6535
2.27549 0.6535
2.9

IMD2d2
5
2.274519 0.5545
2.279528 0.5545
2.7725 0.5545
2.7725 0.6535
2.280499 0.6535
2.65

IMD3a
20
-1.0175 0.6535
-0.525499 0.6535
-0.52049 0.6535
-0.37951 0.6535
-0.374501 0.6535
-0.075499 0.6535
-0.07049 0.6535
0.07049 0.6535
0.075499 0.6535
0.149501 0.6535
0.15451 0.6535
1.06049 0.6535
1.065499 0.6535
1.364501 0.6535
1.36951 0.6535
2.27549 0.6535
2.280499 0.6535
2.7725 0.6535
2.7725 0.6745
-1.0175 0.6745
5.2

IMD3b
4
-1.0175 0.6745
2.7725 0.6745
2.7725 0.6895
-1.0175 0.6895
4.2

IMD3c
4
-1.0175 0.6895
2.7725 0.6895
2.7725 0.7135
-1.0175 0.7135
3.28

IMD3d1
4
-1.0175 0.7135
2.7725 0.7135
2.7725 0.7315
-1.0175 0.7315
2.65

IMD3d1_damage
5
-1.0175 0.7315
2.7725 0.7315
2.7725 0.7415
0 0.7415
-1.0175 0.7415
3.1


4
-1.0175 0.001
2.7725 0.001
2.7725 0.7415
-1.0175 0.7415

