botcenter
4
0 -0.001
0.945 -0.001
0.945 0.001
0 0.001

9
botleft
4
-0.7475 -0.001
0 -0.001
0 0.001
-0.7475 0.001

botright
4
0.945 -0.001
1.6925 -0.001
1.6925 0.001
0.945 0.001

lEnv
4
-0.24451 0.5545
-0.11549 0.5545
-0.10951 0.6535
-0.25049 0.6535

c1
4
-0.06451 0.5545
0.06451 0.5545
0.07049 0.6535
-0.07049 0.6535

c2
4
0.88049 0.5545
1.00951 0.5545
1.01549 0.6535
0.87451 0.6535

rEnv
4
1.06049 0.5545
1.18951 0.5545
1.19549 0.6535
1.05451 0.6535

topleft
4
-0.7475 0.7415
0 0.7415
0 0.8405
-0.7475 0.8405

topcenter
4
0 0.7415
0.945 0.7415
0.945 0.8405
0 0.8405

topright
4
0.945 0.7415
1.6925 0.7415
1.6925 0.8405
0.945 0.8405


37
FOXA+FOXB+TOX
7
-0.7476 0.001
-0.7475 0.001
0 0.001
0.945 0.001
1.6925 0.001
1.6925 0.2665
-0.7476 0.2665
4

ILD1a
4
-0.7476 0.2665
1.6925 0.2665
1.6925 0.2765
-0.7476 0.2765
7

ILD1b1+ILD1b2+ILD1b3
4
-0.7476 0.2765
1.6925 0.2765
1.6925 0.3955
-0.7476 0.3955
4

IMD1a
4
-0.7476 0.3955
1.6925 0.3955
1.6925 0.4065
-0.7476 0.4065
5.2

IMD1b
4
-0.7476 0.4065
1.6925 0.4065
1.6925 0.4665
-0.7476 0.4665
2.8

IMD2a
4
-0.7476 0.4665
1.6925 0.4665
1.6925 0.4875
-0.7476 0.4875
5.2

IMD2b
4
-0.7476 0.4875
1.6925 0.4875
1.6925 0.5025
-0.7476 0.5025
4.2

IMD2c
4
-0.7476 0.5025
1.6925 0.5025
1.6925 0.5265
-0.7476 0.5265
3.28

IMD2d1
12
-0.7476 0.5265
1.6925 0.5265
1.6925 0.5445
1.198924 0.5445
1.051076 0.5445
1.018924 0.5445
0.871076 0.5445
0.073924 0.5445
-0.073924 0.5445
-0.106076 0.5445
-0.253924 0.5445
-0.7476 0.5445
2.65

IMD2d1
4
-0.7476 0.5445
-0.253924 0.5445
-0.254528 0.5545
-0.7476 0.5545
2.65

IMD2d1_damage
8
-0.253924 0.5445
-0.106076 0.5445
-0.105472 0.5545
-0.110481 0.5545
-0.11549 0.5545
-0.24451 0.5545
-0.249519 0.5545
-0.254528 0.5545
3.1

IMD2d1
4
-0.106076 0.5445
-0.073924 0.5445
-0.074528 0.5545
-0.105472 0.5545
2.65

IMD2d1_damage
8
-0.073924 0.5445
0.073924 0.5445
0.074528 0.5545
0.069519 0.5545
0.06451 0.5545
-0.06451 0.5545
-0.069519 0.5545
-0.074528 0.5545
3.1

IMD2d1
4
0.073924 0.5445
0.871076 0.5445
0.870472 0.5545
0.074528 0.5545
2.65

IMD2d1_damage
8
0.871076 0.5445
1.018924 0.5445
1.019528 0.5545
1.014519 0.5545
1.00951 0.5545
0.88049 0.5545
0.875481 0.5545
0.870472 0.5545
3.1

IMD2d1
4
1.018924 0.5445
1.051076 0.5445
1.050472 0.5545
1.019528 0.5545
2.65

IMD2d1_damage
8
1.051076 0.5445
1.198924 0.5445
1.199528 0.5545
1.194519 0.5545
1.18951 0.5545
1.06049 0.5545
1.055481 0.5545
1.050472 0.5545
3.1

IMD2d1
4
1.198924 0.5445
1.6925 0.5445
1.6925 0.5545
1.199528 0.5545
2.65

IMD2d2
5
-0.7476 0.5545
-0.254528 0.5545
-0.249519 0.5545
-0.255499 0.6535
-0.7476 0.6535
2.65

IMD2d2_damage
4
-0.249519 0.5545
-0.24451 0.5545
-0.25049 0.6535
-0.255499 0.6535
2.9

IMD2d2_damage
4
-0.11549 0.5545
-0.110481 0.5545
-0.104501 0.6535
-0.10951 0.6535
2.9

IMD2d2
6
-0.110481 0.5545
-0.105472 0.5545
-0.074528 0.5545
-0.069519 0.5545
-0.075499 0.6535
-0.104501 0.6535
2.65

IMD2d2_damage
4
-0.069519 0.5545
-0.06451 0.5545
-0.07049 0.6535
-0.075499 0.6535
2.9

IMD2d2_damage
4
0.06451 0.5545
0.069519 0.5545
0.075499 0.6535
0.07049 0.6535
2.9

IMD2d2
6
0.069519 0.5545
0.074528 0.5545
0.870472 0.5545
0.875481 0.5545
0.869501 0.6535
0.075499 0.6535
2.65

IMD2d2_damage
4
0.875481 0.5545
0.88049 0.5545
0.87451 0.6535
0.869501 0.6535
2.9

IMD2d2_damage
4
1.00951 0.5545
1.014519 0.5545
1.020499 0.6535
1.01549 0.6535
2.9

IMD2d2
6
1.014519 0.5545
1.019528 0.5545
1.050472 0.5545
1.055481 0.5545
1.049501 0.6535
1.020499 0.6535
2.65

IMD2d2_damage
4
1.055481 0.5545
1.06049 0.5545
1.05451 0.6535
1.049501 0.6535
2.9

IMD2d2_damage
4
1.18951 0.5545
1.194519 0.5545
1.200499 0.6535
1.19549 0.6535
2.9

IMD2d2
5
1.194519 0.5545
1.199528 0.5545
1.6925 0.5545
1.6925 0.6535
1.200499 0.6535
2.65

IMD3a
20
-0.7476 0.6535
-0.255499 0.6535
-0.25049 0.6535
-0.10951 0.6535
-0.104501 0.6535
-0.075499 0.6535
-0.07049 0.6535
0.07049 0.6535
0.075499 0.6535
0.869501 0.6535
0.87451 0.6535
1.01549 0.6535
1.020499 0.6535
1.049501 0.6535
1.05451 0.6535
1.19549 0.6535
1.200499 0.6535
1.6925 0.6535
1.6925 0.6745
-0.7476 0.6745
5.2

IMD3b
4
-0.7476 0.6745
1.6925 0.6745
1.6925 0.6895
-0.7476 0.6895
4.2

IMD3c
4
-0.7476 0.6895
1.6925 0.6895
1.6925 0.7135
-0.7476 0.7135
3.28

IMD3d1
5
-0.7476 0.7135
1.6925 0.7135
1.6925 0.7315
-0.7475 0.7315
-0.7476 0.7315
2.65

IMD3d1
4
-0.7476 0.7315
-0.7475 0.7315
-0.7475 0.7415
-0.7476 0.7415
2.65

IMD3d1_damage
6
-0.7475 0.7315
1.6925 0.7315
1.6925 0.7415
0.945 0.7415
0 0.7415
-0.7475 0.7415
3.1


4
-0.7476 0.001
1.6925 0.001
1.6925 0.7415
-0.7476 0.7415

