c1
4
-0.01951 0.5545
0.01951 0.5545
0.02549 0.6535
-0.02549 0.6535

7
botleft
4
-0.6125 -0.001
0 -0.001
0 0.001
-0.6125 0.001

botright
4
0 -0.001
0.9275 -0.001
0.9275 0.001
0 0.001

lEnv
4
-0.10951 0.5545
-0.07049 0.5545
-0.06451 0.6535
-0.11549 0.6535

c2
4
0.11549 0.5545
0.24451 0.5545
0.25049 0.6535
0.10951 0.6535

rEnv
4
0.29549 0.5545
0.42451 0.5545
0.43049 0.6535
0.28951 0.6535

topleft
4
-0.6125 0.7415
0 0.7415
0 0.8405
-0.6125 0.8405

topright
4
0 0.7415
0.9275 0.7415
0.9275 0.8405
0 0.8405


36
FOXA+FOXB+TOX
5
-0.6125 0.001
0 0.001
0.9275 0.001
0.9275 0.2665
-0.6125 0.2665
4

ILD1a
4
-0.6125 0.2665
0.9275 0.2665
0.9275 0.2765
-0.6125 0.2765
7

ILD1b1+ILD1b2+ILD1b3
4
-0.6125 0.2765
0.9275 0.2765
0.9275 0.3955
-0.6125 0.3955
4

IMD1a
4
-0.6125 0.3955
0.9275 0.3955
0.9275 0.4065
-0.6125 0.4065
5.2

IMD1b
4
-0.6125 0.4065
0.9275 0.4065
0.9275 0.4665
-0.6125 0.4665
2.8

IMD2a
4
-0.6125 0.4665
0.9275 0.4665
0.9275 0.4875
-0.6125 0.4875
5.2

IMD2b
4
-0.6125 0.4875
0.9275 0.4875
0.9275 0.5025
-0.6125 0.5025
4.2

IMD2c
4
-0.6125 0.5025
0.9275 0.5025
0.9275 0.5265
-0.6125 0.5265
3.28

IMD2d1
12
-0.6125 0.5265
0.9275 0.5265
0.9275 0.5445
0.433924 0.5445
0.286076 0.5445
0.253924 0.5445
0.106076 0.5445
0.028924 0.5445
-0.028924 0.5445
-0.061076 0.5445
-0.118924 0.5445
-0.6125 0.5445
2.65

IMD2d1
4
-0.6125 0.5445
-0.118924 0.5445
-0.119528 0.5545
-0.6125 0.5545
2.65

IMD2d1_damage
8
-0.118924 0.5445
-0.061076 0.5445
-0.060472 0.5545
-0.065481 0.5545
-0.07049 0.5545
-0.10951 0.5545
-0.114519 0.5545
-0.119528 0.5545
3.1

IMD2d1
4
-0.061076 0.5445
-0.028924 0.5445
-0.029528 0.5545
-0.060472 0.5545
2.65

IMD2d1_damage
8
-0.028924 0.5445
0.028924 0.5445
0.029528 0.5545
0.024519 0.5545
0.01951 0.5545
-0.01951 0.5545
-0.024519 0.5545
-0.029528 0.5545
3.1

IMD2d1
4
0.028924 0.5445
0.106076 0.5445
0.105472 0.5545
0.029528 0.5545
2.65

IMD2d1_damage
8
0.106076 0.5445
0.253924 0.5445
0.254528 0.5545
0.249519 0.5545
0.24451 0.5545
0.11549 0.5545
0.110481 0.5545
0.105472 0.5545
3.1

IMD2d1
4
0.253924 0.5445
0.286076 0.5445
0.285472 0.5545
0.254528 0.5545
2.65

IMD2d1_damage
8
0.286076 0.5445
0.433924 0.5445
0.434528 0.5545
0.429519 0.5545
0.42451 0.5545
0.29549 0.5545
0.290481 0.5545
0.285472 0.5545
3.1

IMD2d1
4
0.433924 0.5445
0.9275 0.5445
0.9275 0.5545
0.434528 0.5545
2.65

IMD2d2
5
-0.6125 0.5545
-0.119528 0.5545
-0.114519 0.5545
-0.120499 0.6535
-0.6125 0.6535
2.65

IMD2d2_damage
4
-0.114519 0.5545
-0.10951 0.5545
-0.11549 0.6535
-0.120499 0.6535
2.9

IMD2d2_damage
4
-0.07049 0.5545
-0.065481 0.5545
-0.059501 0.6535
-0.06451 0.6535
2.9

IMD2d2
6
-0.065481 0.5545
-0.060472 0.5545
-0.029528 0.5545
-0.024519 0.5545
-0.030499 0.6535
-0.059501 0.6535
2.65

IMD2d2_damage
4
-0.024519 0.5545
-0.01951 0.5545
-0.02549 0.6535
-0.030499 0.6535
2.9

IMD2d2_damage
4
0.01951 0.5545
0.024519 0.5545
0.030499 0.6535
0.02549 0.6535
2.9

IMD2d2
6
0.024519 0.5545
0.029528 0.5545
0.105472 0.5545
0.110481 0.5545
0.104501 0.6535
0.030499 0.6535
2.65

IMD2d2_damage
4
0.110481 0.5545
0.11549 0.5545
0.10951 0.6535
0.104501 0.6535
2.9

IMD2d2_damage
4
0.24451 0.5545
0.249519 0.5545
0.255499 0.6535
0.25049 0.6535
2.9

IMD2d2
6
0.249519 0.5545
0.254528 0.5545
0.285472 0.5545
0.290481 0.5545
0.284501 0.6535
0.255499 0.6535
2.65

IMD2d2_damage
4
0.290481 0.5545
0.29549 0.5545
0.28951 0.6535
0.284501 0.6535
2.9

IMD2d2_damage
4
0.42451 0.5545
0.429519 0.5545
0.435499 0.6535
0.43049 0.6535
2.9

IMD2d2
5
0.429519 0.5545
0.434528 0.5545
0.9275 0.5545
0.9275 0.6535
0.435499 0.6535
2.65

IMD3a
20
-0.6125 0.6535
-0.120499 0.6535
-0.11549 0.6535
-0.06451 0.6535
-0.059501 0.6535
-0.030499 0.6535
-0.02549 0.6535
0.02549 0.6535
0.030499 0.6535
0.104501 0.6535
0.10951 0.6535
0.25049 0.6535
0.255499 0.6535
0.284501 0.6535
0.28951 0.6535
0.43049 0.6535
0.435499 0.6535
0.9275 0.6535
0.9275 0.6745
-0.6125 0.6745
5.2

IMD3b
4
-0.6125 0.6745
0.9275 0.6745
0.9275 0.6895
-0.6125 0.6895
4.2

IMD3c
4
-0.6125 0.6895
0.9275 0.6895
0.9275 0.7135
-0.6125 0.7135
3.28

IMD3d1
4
-0.6125 0.7135
0.9275 0.7135
0.9275 0.7315
-0.6125 0.7315
2.65

IMD3d1_damage
5
-0.6125 0.7315
0.9275 0.7315
0.9275 0.7415
0 0.7415
-0.6125 0.7415
3.1


4
-0.6125 0.001
0.9275 0.001
0.9275 0.7415
-0.6125 0.7415

