botcenter
4
0 -0.001
1.35 -0.001
1.35 0.001
0 0.001

9
botleft
4
-2.165 -0.001
0 -0.001
0 0.001
-2.165 0.001

botright
4
1.35 -0.001
3.515 -0.001
3.515 0.001
1.35 0.001

lEnv
4
-1.66201 0.5545
-0.76799 0.5545
-0.76201 0.6535
-1.66799 0.6535

c1
4
-0.44701 0.5545
0.44701 0.5545
0.45299 0.6535
-0.45299 0.6535

c2
4
0.90299 0.5545
1.79701 0.5545
1.80299 0.6535
0.89701 0.6535

rEnv
4
2.11799 0.5545
3.01201 0.5545
3.01799 0.6535
2.11201 0.6535

topleft
4
-2.165 0.7415
0 0.7415
0 0.8405
-2.165 0.8405

topcenter
4
0 0.7415
1.35 0.7415
1.35 0.8405
0 0.8405

topright
4
1.35 0.7415
3.515 0.7415
3.515 0.8405
1.35 0.8405


36
FOXA+FOXB+TOX
6
-2.165 0.001
0 0.001
1.35 0.001
3.515 0.001
3.515 0.2665
-2.165 0.2665
4

ILD1a
4
-2.165 0.2665
3.515 0.2665
3.515 0.2765
-2.165 0.2765
7

ILD1b1+ILD1b2+ILD1b3
4
-2.165 0.2765
3.515 0.2765
3.515 0.3955
-2.165 0.3955
4

IMD1a
4
-2.165 0.3955
3.515 0.3955
3.515 0.4065
-2.165 0.4065
5.2

IMD1b
4
-2.165 0.4065
3.515 0.4065
3.515 0.4665
-2.165 0.4665
2.8

IMD2a
4
-2.165 0.4665
3.515 0.4665
3.515 0.4875
-2.165 0.4875
5.2

IMD2b
4
-2.165 0.4875
3.515 0.4875
3.515 0.5025
-2.165 0.5025
4.2

IMD2c
4
-2.165 0.5025
3.515 0.5025
3.515 0.5265
-2.165 0.5265
3.28

IMD2d1
12
-2.165 0.5265
3.515 0.5265
3.515 0.5445
3.021424 0.5445
2.108576 0.5445
1.806424 0.5445
0.893576 0.5445
0.456424 0.5445
-0.456424 0.5445
-0.758576 0.5445
-1.671424 0.5445
-2.165 0.5445
2.65

IMD2d1
4
-2.165 0.5445
-1.671424 0.5445
-1.672028 0.5545
-2.165 0.5545
2.65

IMD2d1_damage
8
-1.671424 0.5445
-0.758576 0.5445
-0.757972 0.5545
-0.762981 0.5545
-0.76799 0.5545
-1.66201 0.5545
-1.667019 0.5545
-1.672028 0.5545
3.1

IMD2d1
4
-0.758576 0.5445
-0.456424 0.5445
-0.457028 0.5545
-0.757972 0.5545
2.65

IMD2d1_damage
8
-0.456424 0.5445
0.456424 0.5445
0.457028 0.5545
0.452019 0.5545
0.44701 0.5545
-0.44701 0.5545
-0.452019 0.5545
-0.457028 0.5545
3.1

IMD2d1
4
0.456424 0.5445
0.893576 0.5445
0.892972 0.5545
0.457028 0.5545
2.65

IMD2d1_damage
8
0.893576 0.5445
1.806424 0.5445
1.807028 0.5545
1.802019 0.5545
1.79701 0.5545
0.90299 0.5545
0.897981 0.5545
0.892972 0.5545
3.1

IMD2d1
4
1.806424 0.5445
2.108576 0.5445
2.107972 0.5545
1.807028 0.5545
2.65

IMD2d1_damage
8
2.108576 0.5445
3.021424 0.5445
3.022028 0.5545
3.017019 0.5545
3.01201 0.5545
2.11799 0.5545
2.112981 0.5545
2.107972 0.5545
3.1

IMD2d1
4
3.021424 0.5445
3.515 0.5445
3.515 0.5545
3.022028 0.5545
2.65

IMD2d2
5
-2.165 0.5545
-1.672028 0.5545
-1.667019 0.5545
-1.672999 0.6535
-2.165 0.6535
2.65

IMD2d2_damage
4
-1.667019 0.5545
-1.66201 0.5545
-1.66799 0.6535
-1.672999 0.6535
2.9

IMD2d2_damage
4
-0.76799 0.5545
-0.762981 0.5545
-0.757001 0.6535
-0.76201 0.6535
2.9

IMD2d2
6
-0.762981 0.5545
-0.757972 0.5545
-0.457028 0.5545
-0.452019 0.5545
-0.457999 0.6535
-0.757001 0.6535
2.65

IMD2d2_damage
4
-0.452019 0.5545
-0.44701 0.5545
-0.45299 0.6535
-0.457999 0.6535
2.9

IMD2d2_damage
4
0.44701 0.5545
0.452019 0.5545
0.457999 0.6535
0.45299 0.6535
2.9

IMD2d2
6
0.452019 0.5545
0.457028 0.5545
0.892972 0.5545
0.897981 0.5545
0.892001 0.6535
0.457999 0.6535
2.65

IMD2d2_damage
4
0.897981 0.5545
0.90299 0.5545
0.89701 0.6535
0.892001 0.6535
2.9

IMD2d2_damage
4
1.79701 0.5545
1.802019 0.5545
1.807999 0.6535
1.80299 0.6535
2.9

IMD2d2
6
1.802019 0.5545
1.807028 0.5545
2.107972 0.5545
2.112981 0.5545
2.107001 0.6535
1.807999 0.6535
2.65

IMD2d2_damage
4
2.112981 0.5545
2.11799 0.5545
2.11201 0.6535
2.107001 0.6535
2.9

IMD2d2_damage
4
3.01201 0.5545
3.017019 0.5545
3.022999 0.6535
3.01799 0.6535
2.9

IMD2d2
5
3.017019 0.5545
3.022028 0.5545
3.515 0.5545
3.515 0.6535
3.022999 0.6535
2.65

IMD3a
20
-2.165 0.6535
-1.672999 0.6535
-1.66799 0.6535
-0.76201 0.6535
-0.757001 0.6535
-0.457999 0.6535
-0.45299 0.6535
0.45299 0.6535
0.457999 0.6535
0.892001 0.6535
0.89701 0.6535
1.80299 0.6535
1.807999 0.6535
2.107001 0.6535
2.11201 0.6535
3.01799 0.6535
3.022999 0.6535
3.515 0.6535
3.515 0.6745
-2.165 0.6745
5.2

IMD3b
4
-2.165 0.6745
3.515 0.6745
3.515 0.6895
-2.165 0.6895
4.2

IMD3c
4
-2.165 0.6895
3.515 0.6895
3.515 0.7135
-2.165 0.7135
3.28

IMD3d1
4
-2.165 0.7135
3.515 0.7135
3.515 0.7315
-2.165 0.7315
2.65

IMD3d1_damage
6
-2.165 0.7315
3.515 0.7315
3.515 0.7415
1.35 0.7415
0 0.7415
-2.165 0.7415
3.1


4
-2.165 0.001
3.515 0.001
3.515 0.7415
-2.165 0.7415

