c2
4
-0.01951 0.7415
0.01951 0.7415
0.02549 0.8405
-0.02549 0.8405

10
botleft
4
-2.165 -0.001
0 -0.001
0 0.001
-2.165 0.001

botright
4
0 -0.001
1.58 -0.001
1.58 0.001
0 0.001

lbEnv
4
-1.66201 0.5545
-0.76799 0.5545
-0.76201 0.6535
-1.66799 0.6535

c1left
4
-0.44701 0.5545
0 0.5545
0 0.6535
-0.45299 0.6535

c1
4
0 0.5545
0.44701 0.5545
0.45299 0.6535
0 0.6535

c3
4
0.49799 0.5545
0.62701 0.5545
0.63299 0.6535
0.49201 0.6535

rbEnv
4
0.94799 0.5545
1.07701 0.5545
1.08299 0.6535
0.94201 0.6535

ltEnv
4
-0.37951 0.7415
-0.34049 0.7415
-0.33451 0.8405
-0.38549 0.8405

c4
4
0.07049 0.7415
0.10951 0.7415
0.11549 0.8405
0.06451 0.8405

rtEnv
4
0.43049 0.7415
0.46951 0.7415
0.47549 0.8405
0.42451 0.8405


79
FOXA+FOXB+TOX
5
-2.165 0.001
0 0.001
1.58 0.001
1.58 0.2665
-2.165 0.2665
4

ILD1a
4
-2.165 0.2665
1.58 0.2665
1.58 0.2765
-2.165 0.2765
7

ILD1b1+ILD1b2+ILD1b3
4
-2.165 0.2765
1.58 0.2765
1.58 0.3955
-2.165 0.3955
4

IMD1a
4
-2.165 0.3955
1.58 0.3955
1.58 0.4065
-2.165 0.4065
5.2

IMD1b
4
-2.165 0.4065
1.58 0.4065
1.58 0.4665
-2.165 0.4665
2.8

IMD2a
4
-2.165 0.4665
1.58 0.4665
1.58 0.4875
-2.165 0.4875
5.2

IMD2b
4
-2.165 0.4875
1.58 0.4875
1.58 0.5025
-2.165 0.5025
4.2

IMD2c
4
-2.165 0.5025
1.58 0.5025
1.58 0.5265
-2.165 0.5265
3.28

IMD2d1
12
-2.165 0.5265
1.58 0.5265
1.58 0.5445
1.086424 0.5445
0.938576 0.5445
0.636424 0.5445
0.488576 0.5445
0.456424 0.5445
-0.456424 0.5445
-0.758576 0.5445
-1.671424 0.5445
-2.165 0.5445
2.65

IMD2d1
4
-2.165 0.5445
-1.671424 0.5445
-1.672028 0.5545
-2.165 0.5545
2.65

IMD2d1_damage
8
-1.671424 0.5445
-0.758576 0.5445
-0.757972 0.5545
-0.762981 0.5545
-0.76799 0.5545
-1.66201 0.5545
-1.667019 0.5545
-1.672028 0.5545
3.1

IMD2d1
4
-0.758576 0.5445
-0.456424 0.5445
-0.457028 0.5545
-0.757972 0.5545
2.65

IMD2d1_damage
9
-0.456424 0.5445
0.456424 0.5445
0.457028 0.5545
0.452019 0.5545
0.44701 0.5545
0 0.5545
-0.44701 0.5545
-0.452019 0.5545
-0.457028 0.5545
3.1

IMD2d1
4
0.456424 0.5445
0.488576 0.5445
0.487972 0.5545
0.457028 0.5545
2.65

IMD2d1_damage
8
0.488576 0.5445
0.636424 0.5445
0.637028 0.5545
0.632019 0.5545
0.62701 0.5545
0.49799 0.5545
0.492981 0.5545
0.487972 0.5545
3.1

IMD2d1
4
0.636424 0.5445
0.938576 0.5445
0.937972 0.5545
0.637028 0.5545
2.65

IMD2d1_damage
8
0.938576 0.5445
1.086424 0.5445
1.087028 0.5545
1.082019 0.5545
1.07701 0.5545
0.94799 0.5545
0.942981 0.5545
0.937972 0.5545
3.1

IMD2d1
4
1.086424 0.5445
1.58 0.5445
1.58 0.5545
1.087028 0.5545
2.65

IMD2d2
5
-2.165 0.5545
-1.672028 0.5545
-1.667019 0.5545
-1.672999 0.6535
-2.165 0.6535
2.65

IMD2d2_damage
4
-1.667019 0.5545
-1.66201 0.5545
-1.66799 0.6535
-1.672999 0.6535
2.9

IMD2d2_damage
4
-0.76799 0.5545
-0.762981 0.5545
-0.757001 0.6535
-0.76201 0.6535
2.9

IMD2d2
6
-0.762981 0.5545
-0.757972 0.5545
-0.457028 0.5545
-0.452019 0.5545
-0.457999 0.6535
-0.757001 0.6535
2.65

IMD2d2_damage
4
-0.452019 0.5545
-0.44701 0.5545
-0.45299 0.6535
-0.457999 0.6535
2.9

IMD2d2_damage
4
0.44701 0.5545
0.452019 0.5545
0.457999 0.6535
0.45299 0.6535
2.9

IMD2d2
6
0.452019 0.5545
0.457028 0.5545
0.487972 0.5545
0.492981 0.5545
0.487001 0.6535
0.457999 0.6535
2.65

IMD2d2_damage
4
0.492981 0.5545
0.49799 0.5545
0.49201 0.6535
0.487001 0.6535
2.9

IMD2d2_damage
4
0.62701 0.5545
0.632019 0.5545
0.637999 0.6535
0.63299 0.6535
2.9

IMD2d2
6
0.632019 0.5545
0.637028 0.5545
0.937972 0.5545
0.942981 0.5545
0.937001 0.6535
0.637999 0.6535
2.65

IMD2d2_damage
4
0.942981 0.5545
0.94799 0.5545
0.94201 0.6535
0.937001 0.6535
2.9

IMD2d2_damage
4
1.07701 0.5545
1.082019 0.5545
1.087999 0.6535
1.08299 0.6535
2.9

IMD2d2
5
1.082019 0.5545
1.087028 0.5545
1.58 0.5545
1.58 0.6535
1.087999 0.6535
2.65

IMD3a
21
-2.165 0.6535
-1.672999 0.6535
-1.66799 0.6535
-0.76201 0.6535
-0.757001 0.6535
-0.457999 0.6535
-0.45299 0.6535
0 0.6535
0.45299 0.6535
0.457999 0.6535
0.487001 0.6535
0.49201 0.6535
0.63299 0.6535
0.637999 0.6535
0.937001 0.6535
0.94201 0.6535
1.08299 0.6535
1.087999 0.6535
1.58 0.6535
1.58 0.6745
-2.165 0.6745
5.2

IMD3b
4
-2.165 0.6745
1.58 0.6745
1.58 0.6895
-2.165 0.6895
4.2

IMD3c
4
-2.165 0.6895
1.58 0.6895
1.58 0.7135
-2.165 0.7135
3.28

IMD3d1
12
-2.165 0.7135
1.58 0.7135
1.58 0.7315
0.478924 0.7315
0.421076 0.7315
0.118924 0.7315
0.061076 0.7315
0.028924 0.7315
-0.028924 0.7315
-0.331076 0.7315
-0.388924 0.7315
-2.165 0.7315
2.65

IMD3d1
4
-2.165 0.7315
-0.388924 0.7315
-0.389528 0.7415
-2.165 0.7415
2.65

IMD3d1_damage
8
-0.388924 0.7315
-0.331076 0.7315
-0.330472 0.7415
-0.335481 0.7415
-0.34049 0.7415
-0.37951 0.7415
-0.384519 0.7415
-0.389528 0.7415
3.1

IMD3d1
4
-0.331076 0.7315
-0.028924 0.7315
-0.029528 0.7415
-0.330472 0.7415
2.65

IMD3d1_damage
8
-0.028924 0.7315
0.028924 0.7315
0.029528 0.7415
0.024519 0.7415
0.01951 0.7415
-0.01951 0.7415
-0.024519 0.7415
-0.029528 0.7415
3.1

IMD3d1
4
0.028924 0.7315
0.061076 0.7315
0.060472 0.7415
0.029528 0.7415
2.65

IMD3d1_damage
8
0.061076 0.7315
0.118924 0.7315
0.119528 0.7415
0.114519 0.7415
0.10951 0.7415
0.07049 0.7415
0.065481 0.7415
0.060472 0.7415
3.1

IMD3d1
4
0.118924 0.7315
0.421076 0.7315
0.420472 0.7415
0.119528 0.7415
2.65

IMD3d1_damage
8
0.421076 0.7315
0.478924 0.7315
0.479528 0.7415
0.474519 0.7415
0.46951 0.7415
0.43049 0.7415
0.425481 0.7415
0.420472 0.7415
3.1

IMD3d1
4
0.478924 0.7315
1.58 0.7315
1.58 0.7415
0.479528 0.7415
2.65

IMD3d2
5
-2.165 0.7415
-0.389528 0.7415
-0.384519 0.7415
-0.390499 0.8405
-2.165 0.8405
2.65

IMD3d2_damage
4
-0.384519 0.7415
-0.37951 0.7415
-0.38549 0.8405
-0.390499 0.8405
2.9

IMD3d2_damage
4
-0.34049 0.7415
-0.335481 0.7415
-0.329501 0.8405
-0.33451 0.8405
2.9

IMD3d2
6
-0.335481 0.7415
-0.330472 0.7415
-0.029528 0.7415
-0.024519 0.7415
-0.030499 0.8405
-0.329501 0.8405
2.65

IMD3d2_damage
4
-0.024519 0.7415
-0.01951 0.7415
-0.02549 0.8405
-0.030499 0.8405
2.9

IMD3d2_damage
4
0.01951 0.7415
0.024519 0.7415
0.030499 0.8405
0.02549 0.8405
2.9

IMD3d2
6
0.024519 0.7415
0.029528 0.7415
0.060472 0.7415
0.065481 0.7415
0.059501 0.8405
0.030499 0.8405
2.65

IMD3d2_damage
4
0.065481 0.7415
0.07049 0.7415
0.06451 0.8405
0.059501 0.8405
2.9

IMD3d2_damage
4
0.10951 0.7415
0.114519 0.7415
0.120499 0.8405
0.11549 0.8405
2.9

IMD3d2
6
0.114519 0.7415
0.119528 0.7415
0.420472 0.7415
0.425481 0.7415
0.419501 0.8405
0.120499 0.8405
2.65

IMD3d2_damage
4
0.425481 0.7415
0.43049 0.7415
0.42451 0.8405
0.419501 0.8405
2.9

IMD3d2_damage
4
0.46951 0.7415
0.474519 0.7415
0.480499 0.8405
0.47549 0.8405
2.9

IMD3d2
5
0.474519 0.7415
0.479528 0.7415
1.58 0.7415
1.58 0.8405
0.480499 0.8405
2.65

IMD4a
20
-2.165 0.8405
-0.390499 0.8405
-0.38549 0.8405
-0.33451 0.8405
-0.329501 0.8405
-0.030499 0.8405
-0.02549 0.8405
0.02549 0.8405
0.030499 0.8405
0.059501 0.8405
0.06451 0.8405
0.11549 0.8405
0.120499 0.8405
0.419501 0.8405
0.42451 0.8405
0.47549 0.8405
0.480499 0.8405
1.58 0.8405
1.58 0.8615
-2.165 0.8615
5.2

IMD4b
4
-2.165 0.8615
1.58 0.8615
1.58 0.8765
-2.165 0.8765
4.2

IMD4c
4
-2.165 0.8765
1.58 0.8765
1.58 0.9005
-2.165 0.9005
3.28

IMD4d1+IMD4d2
4
-2.165 0.9005
1.58 0.9005
1.58 1.0275
-2.165 1.0275
2.65

IMD5a
4
-2.165 1.0275
1.58 1.0275
1.58 1.0485
-2.165 1.0485
5.2

IMD5b
4
-2.165 1.0485
1.58 1.0485
1.58 1.0635
-2.165 1.0635
4.2

IMD5c
4
-2.165 1.0635
1.58 1.0635
1.58 1.0875
-2.165 1.0875
3.28

IMD5d1+IMD5d2
4
-2.165 1.0875
1.58 1.0875
1.58 1.2145
-2.165 1.2145
2.65

IMD6a
4
-2.165 1.2145
1.58 1.2145
1.58 1.2355
-2.165 1.2355
5.2

IMD6b
4
-2.165 1.2355
1.58 1.2355
1.58 1.2505
-2.165 1.2505
4.2

IMD6c
4
-2.165 1.2505
1.58 1.2505
1.58 1.2745
-2.165 1.2745
3.28

IMD6d1+IMD6d2
4
-2.165 1.2745
1.58 1.2745
1.58 1.4015
-2.165 1.4015
2.65

IMD7a
4
-2.165 1.4015
1.58 1.4015
1.58 1.4765
-2.165 1.4765
5.2

IMD7b1+IMD7b2
4
-2.165 1.4765
1.58 1.4765
1.58 2.9765
-2.165 2.9765
4.2

IMD8a
4
-2.165 2.9765
1.58 2.9765
1.58 3.0515
-2.165 3.0515
5.2

IMD8b1+IMD8b2
4
-2.165 3.0515
1.58 3.0515
1.58 4.5515
-2.165 4.5515
4.2

PASS1
4
-2.165 4.5515
1.58 4.5515
1.58 4.6265
-2.165 4.6265
7

PASS2
4
-2.165 4.6265
1.58 4.6265
1.58 5.0265
-2.165 5.0265
4.2

PASS3
4
-2.165 5.0265
1.58 5.0265
1.58 5.1015
-2.165 5.1015
7

PASS4+PASS5
4
-2.165 5.1015
1.58 5.1015
1.58 6.0515
-2.165 6.0515
4.2

PASS6
4
-2.165 6.0515
1.58 6.0515
1.58 6.6515
-2.165 6.6515
7

air_Layer
4
-2.165 6.6515
1.58 6.6515
1.58 6.9485
-2.165 6.9485
1


4
-2.165 0.001
1.58 0.001
1.58 6.9485
-2.165 6.9485

