****************************PATTERN SUB-metal1-metal3_PLATE3L **********************************
    w1          w2        space     edgeSpace   |      c12         c1t         c1b        c1tb         c1e
0.04500000  0.04500000  0.02250000  0.04500000  |  -0.18317598 -0.00442170 -0.00439720 0.00000049  -0.00704996 
0.04500000  0.04500000  0.02250000  0.31500000  |  -0.19181616 -0.00664557 -0.00696911 -0.00002155 -0.00257647 
0.04500000  0.04500000  0.02250000  4.50000000  |  -0.19216912 -0.00787622 -0.00827713 -0.00002810 0.00000000  
0.04500000  0.04500000  0.04050000  0.04500000  |  -0.10869807 -0.00495778 -0.00486320 -0.00000129 -0.00642902 
0.04500000  0.04500000  0.04050000  0.31500000  |  -0.11641222 -0.00716266 -0.00742891 -0.00003008 -0.00238149 
0.04500000  0.04500000  0.04050000  4.50000000  |  -0.11716971 -0.00820356 -0.00865733 -0.00003956 0.00000000  
0.04500000  0.04500000  0.04500000  0.04500000  |  -0.09932438 -0.00508188 -0.00497914 -0.00000167 -0.00632295 
0.04500000  0.04500000  0.04500000  0.31500000  |  -0.10669863 -0.00727536 -0.00752896 -0.00003209 -0.00232564 
0.04500000  0.04500000  0.04500000  4.50000000  |  -0.10669977 -0.00825918 -0.00874600 -0.00004253 0.00000000  
0.04500000  0.04500000  0.09000000  0.04500000  |  -0.05364391 -0.00642176 -0.00616776 -0.00000907 -0.00524173 
0.04500000  0.04500000  0.09000000  0.31500000  |  -0.06005358 -0.00855691 -0.00863734 -0.00005369 -0.00204452 
0.04500000  0.04500000  0.09000000  4.50000000  |  -0.06074591 -0.00948014 -0.00973135 -0.00007194 0.00000000  
0.04500000  0.04500000  0.13500000  0.04500000  |  -0.03630791 -0.00772525 -0.00729171 -0.00002864 -0.00443902 
0.04500000  0.04500000  0.13500000  0.31500000  |  -0.04151121 -0.00986379 -0.00984131 -0.00008672 -0.00167561 
0.04500000  0.04500000  0.13500000  4.50000000  |  -0.04192421 -0.01075894 -0.01082703 -0.00010511 0.00000000  
0.04500000  0.04500000  0.18000000  0.04500000  |  -0.02688851 -0.00899835 -0.00845349 -0.00009197 -0.00368286 
0.04500000  0.04500000  0.18000000  0.31500000  |  -0.03102395 -0.01122197 -0.01093410 -0.00016082 -0.00143328 
0.04500000  0.04500000  0.18000000  4.50000000  |  -0.03147503 -0.01200219 -0.01188086 -0.00018537 0.00000000  
0.04500000  0.04500000  0.22500000  0.04500000  |  -0.02065570 -0.01021569 -0.00946383 -0.00022965 -0.00316854 
0.04500000  0.04500000  0.22500000  0.31500000  |  -0.02428933 -0.01244374 -0.01207796 -0.00031133 -0.00124031 
0.04500000  0.04500000  0.22500000  4.50000000  |  -0.02486479 -0.01300668 -0.01280604 -0.00034148 0.00000000  
0.04500000  0.04500000  0.31500000  0.04500000  |  -0.01318426 -0.01221732 -0.01127263 -0.00085357 -0.00222602 
0.04500000  0.04500000  0.31500000  0.31500000  |  -0.01584677 -0.01460136 -0.01398218 -0.00097166 -0.00082043 
0.04500000  0.04500000  0.31500000  4.50000000  |  -0.01620713 -0.01502624 -0.01460470 -0.00100998 0.00000000  
0.04500000  0.04500000  0.45000000  0.04500000  |  -0.00726066 -0.01456402 -0.01338623 -0.00292217 -0.00121073 
0.04500000  0.04500000  0.45000000  0.31500000  |  -0.00868257 -0.01708558 -0.01629639 -0.00308856 -0.00045608 
0.04500000  0.04500000  0.45000000  4.50000000  |  -0.00927759 -0.01719403 -0.01677905 -0.00304218 0.00000000  
0.04500000  0.04500000  0.63000000  0.04500000  |  -0.00347207 -0.01635694 -0.01510732 -0.00732802 -0.00055126 
0.04500000  0.04500000  0.63000000  0.31500000  |  -0.00412848 -0.01898687 -0.01820205 -0.00750516 -0.00020802 
0.04500000  0.04500000  0.63000000  4.50000000  |  -0.00429069 -0.01934326 -0.01868810 -0.00756444 0.00000000  
0.04500000  0.04500000  0.81000000  0.04500000  |  -0.00161304 -0.01724784 -0.01602176 -0.01331472 -0.00031408 
0.04500000  0.04500000  0.81000000  0.31500000  |  -0.00204413 -0.01999692 -0.01913369 -0.01355163 -0.00009120 
0.04500000  0.04500000  0.81000000  4.50000000  |  -0.00207889 -0.02036490 -0.01967042 -0.01362487 0.00000000  
0.04500000  0.04500000  4.50000000  0.04500000  |  0.00000000  -0.01817972 -0.01696241 -0.18716530 0.00000000  
0.04500000  0.04500000  4.50000000  0.31500000  |  0.00000000  -0.02091039 -0.02019365 -0.18831860 0.00000000  
0.04500000  0.04500000  4.50000000  4.50000000  |  0.00000000  -0.02133102 -0.02068324 -0.18700740 0.00000000  
0.04500000  0.13500000  0.02250000  0.04500000  |  -0.18901542 -0.00394232 -0.00387820 -0.00000210 -0.00219590 
0.04500000  0.13500000  0.02250000  0.31500000  |  -0.19499969 -0.00583683 -0.00612439 -0.00002932 -0.00096964 
0.04500000  0.13500000  0.02250000  4.50000000  |  -0.19612423 -0.00636031 -0.00689798 -0.00003818 0.00000000  
0.04500000  0.13500000  0.04050000  0.04500000  |  -0.11448752 -0.00446808 -0.00435657 -0.00000331 -0.00209338 
0.04500000  0.13500000  0.04050000  0.31500000  |  -0.11985980 -0.00640074 -0.00664489 -0.00003444 -0.00095060 
0.04500000  0.13500000  0.04050000  4.50000000  |  -0.12047116 -0.00676122 -0.00729113 -0.00003827 0.00000000  
0.04500000  0.13500000  0.04500000  0.04500000  |  -0.10466007 -0.00461472 -0.00447780 -0.00000350 -0.00206942 
0.04500000  0.13500000  0.04500000  0.31500000  |  -0.11019878 -0.00651335 -0.00674931 -0.00003525 -0.00091683 
0.04500000  0.13500000  0.04500000  4.50000000  |  -0.11088055 -0.00700502 -0.00748406 -0.00003664 0.00000000  
0.04500000  0.13500000  0.09000000  0.04500000  |  -0.05808281 -0.00600522 -0.00570898 -0.00000838 -0.00176840 
0.04500000  0.13500000  0.09000000  0.31500000  |  -0.06288852 -0.00788402 -0.00798641 -0.00004911 -0.00085992 
0.04500000  0.13500000  0.09000000  4.50000000  |  -0.06295163 -0.00829846 -0.00865901 -0.00005097 0.00000000  
0.04500000  0.13500000  0.13500000  0.04500000  |  -0.03997817 -0.00737141 -0.00688559 -0.00003292 -0.00161865 
0.04500000  0.13500000  0.13500000  0.31500000  |  -0.04386059 -0.00934875 -0.00922767 -0.00008030 -0.00070378 
0.04500000  0.13500000  0.13500000  4.50000000  |  -0.04418958 -0.00974215 -0.00983745 -0.00009547 0.00000000  
0.04500000  0.13500000  0.18000000  0.04500000  |  -0.02981937 -0.00867113 -0.00804489 -0.00011003 -0.00139208 
0.04500000  0.13500000  0.18000000  0.31500000  |  -0.03295393 -0.01071977 -0.01044157 -0.00016347 -0.00062850 
0.04500000  0.13500000  0.18000000  4.50000000  |  -0.03337346 -0.01108959 -0.01105647 -0.00016623 0.00000000  
0.04500000  0.13500000  0.22500000  0.04500000  |  -0.02311963 -0.00994721 -0.00912501 -0.00027148 -0.00120008 
0.04500000  0.13500000  0.22500000  0.31500000  |  -0.02582479 -0.01207115 -0.01167138 -0.00033764 -0.00054727 
0.04500000  0.13500000  0.22500000  4.50000000  |  -0.02614490 -0.01232301 -0.01220571 -0.00034619 0.00000000  
0.04500000  0.13500000  0.31500000  0.04500000  |  -0.01484200 -0.01212703 -0.01103473 -0.00096667 -0.00085382 
0.04500000  0.13500000  0.31500000  0.31500000  |  -0.01661751 -0.01437965 -0.01366910 -0.00105583 -0.00040712 
0.04500000  0.13500000  0.31500000  4.50000000  |  -0.01692689 -0.01475339 -0.01427597 -0.00107893 0.00000000  
0.04500000  0.13500000  0.45000000  0.04500000  |  -0.00818124 -0.01446751 -0.01323789 -0.00314654 -0.00054095 
0.04500000  0.13500000  0.45000000  0.31500000  |  -0.00932485 -0.01691546 -0.01608830 -0.00326863 -0.00025339 
0.04500000  0.13500000  0.45000000  4.50000000  |  -0.00922925 -0.01698534 -0.01668135 -0.00328093 0.00000000  
0.04500000  0.13500000  0.63000000  0.04500000  |  -0.00376434 -0.01629526 -0.01506432 -0.00769019 -0.00024773 
0.04500000  0.13500000  0.63000000  0.31500000  |  -0.00432682 -0.01896493 -0.01809364 -0.00784905 -0.00009516 
0.04500000  0.13500000  0.63000000  4.50000000  |  -0.00434217 -0.01928208 -0.01862568 -0.00785013 0.00000000  
0.04500000  0.13500000  0.81000000  0.04500000  |  -0.00183622 -0.01730484 -0.01602940 -0.01384562 -0.00009536 
0.04500000  0.13500000  0.81000000  0.31500000  |  -0.00214123 -0.02004710 -0.01904695 -0.01389139 -0.00005075 
0.04500000  0.13500000  0.81000000  4.50000000  |  -0.00208251 -0.02031947 -0.01962381 -0.01393201 0.00000000  
0.04500000  0.13500000  4.50000000  0.04500000  |  0.00000000  -0.01817261 -0.01695421 -0.18912511 0.00000000  
0.04500000  0.13500000  4.50000000  0.31500000  |  0.00000000  -0.02101704 -0.02018449 -0.19037063 0.00000000  
0.04500000  0.13500000  4.50000000  4.50000000  |  0.00000000  -0.02131597 -0.02062315 -0.18900221 0.00000000  
0.04500000  0.90000000  0.02250000  0.04500000  |  -0.19152206 -0.00383855 -0.00373069 -0.00001357 -0.00000138 
0.04500000  0.90000000  0.02250000  0.31500000  |  -0.19715176 -0.00552395 -0.00575872 -0.00004244 -0.00000208 
0.04500000  0.90000000  0.02250000  4.50000000  |  -0.19707525 -0.00575155 -0.00608461 -0.00024509 0.00000000  
0.04500000  0.90000000  0.04050000  0.04500000  |  -0.11637326 -0.00436432 -0.00422152 -0.00001351 -0.00000215 
0.04500000  0.90000000  0.04050000  0.31500000  |  -0.12182608 -0.00612822 -0.00627358 -0.00004308 -0.00000163 
0.04500000  0.90000000  0.04050000  4.50000000  |  -0.12207300 -0.00632589 -0.00662784 -0.00024691 0.00000000  
0.04500000  0.90000000  0.04500000  0.04500000  |  -0.10672304 -0.00451356 -0.00434261 -0.00001334 -0.00000227 
0.04500000  0.90000000  0.04500000  0.31500000  |  -0.11200763 -0.00627171 -0.00641149 -0.00004334 -0.00000193 
0.04500000  0.90000000  0.04500000  4.50000000  |  -0.11244405 -0.00649503 -0.00675628 -0.00024744 0.00000000  
0.04500000  0.90000000  0.09000000  0.04500000  |  -0.06009359 -0.00591980 -0.00556937 -0.00001996 -0.00000187 
0.04500000  0.90000000  0.09000000  0.31500000  |  -0.06410196 -0.00772289 -0.00772790 -0.00005811 -0.00000068 
0.04500000  0.90000000  0.09000000  4.50000000  |  -0.06396044 -0.00793335 -0.00800739 -0.00025561 0.00000000  
0.04500000  0.90000000  0.13500000  0.04500000  |  -0.04165878 -0.00730633 -0.00675496 -0.00005090 -0.00000090 
0.04500000  0.90000000  0.13500000  0.31500000  |  -0.04484833 -0.00920718 -0.00902916 -0.00015212 -0.00000172 
0.04500000  0.90000000  0.13500000  4.50000000  |  -0.04531333 -0.00943101 -0.00941047 -0.00030355 0.00000000  
0.04500000  0.90000000  0.18000000  0.04500000  |  -0.03135686 -0.00863457 -0.00795088 -0.00015317 -0.00000142 
0.04500000  0.90000000  0.18000000  0.31500000  |  -0.03385113 -0.01063772 -0.01030061 -0.00029305 -0.00000055 
0.04500000  0.90000000  0.18000000  4.50000000  |  -0.03413029 -0.01086666 -0.01068468 -0.00042354 0.00000000  
0.04500000  0.90000000  0.22500000  0.04500000  |  -0.02449843 -0.00986018 -0.00902025 -0.00039313 -0.00000126 
0.04500000  0.90000000  0.22500000  0.31500000  |  -0.02658884 -0.01198189 -0.01150259 -0.00047263 -0.00000178 
0.04500000  0.90000000  0.22500000  4.50000000  |  -0.02672331 -0.01219315 -0.01189017 -0.00060807 0.00000000  
0.04500000  0.90000000  0.31500000  0.04500000  |  -0.01580650 -0.01201316 -0.01098529 -0.00125125 -0.00000102 
0.04500000  0.90000000  0.31500000  0.31500000  |  -0.01719560 -0.01430629 -0.01363698 -0.00135444 -0.00000213 
0.04500000  0.90000000  0.31500000  4.50000000  |  -0.01738189 -0.01452279 -0.01402573 -0.00158489 0.00000000  
0.04500000  0.90000000  0.45000000  0.04500000  |  -0.00879789 -0.01435121 -0.01319074 -0.00365077 -0.00000413 
0.04500000  0.90000000  0.45000000  0.31500000  |  -0.00957069 -0.01690218 -0.01601247 -0.00370098 -0.00000361 
0.04500000  0.90000000  0.45000000  4.50000000  |  -0.00956935 -0.01710749 -0.01648430 -0.00376109 0.00000000  
0.04500000  0.90000000  0.63000000  0.04500000  |  -0.00415590 -0.01630577 -0.01502150 -0.00856240 0.00000065  
0.04500000  0.90000000  0.63000000  0.31500000  |  -0.00450232 -0.01892667 -0.01801599 -0.00867769 -0.00000356 
0.04500000  0.90000000  0.63000000  4.50000000  |  -0.00459161 -0.01912035 -0.01851690 -0.00874664 0.00000000  
0.04500000  0.90000000  0.81000000  0.04500000  |  -0.00196870 -0.01730051 -0.01602842 -0.01482323 -0.00000253 
0.04500000  0.90000000  0.81000000  0.31500000  |  -0.00214019 -0.02005171 -0.01914085 -0.01488170 -0.00000230 
0.04500000  0.90000000  0.81000000  4.50000000  |  -0.00213346 -0.02024361 -0.01964467 -0.01493463 0.00000000  
0.04500000  0.90000000  4.50000000  0.04500000  |  0.00000000  -0.01816582 -0.01696435 -0.20537943 0.00000000  
0.04500000  0.90000000  4.50000000  0.31500000  |  0.00000000  -0.02090258 -0.02014673 -0.20543247 0.00000000  
0.04500000  0.90000000  4.50000000  4.50000000  |  0.00000000  -0.02110644 -0.02061369 -0.20530199 0.00000000  
0.13500000  0.04500000  0.02250000  0.04500000  |  -0.18897485 -0.00910323 -0.00897175 -0.00000192 -0.00945946 
0.13500000  0.04500000  0.02250000  0.31500000  |  -0.19389636 -0.01080752 -0.01121635 -0.00002932 -0.00318196 
0.13500000  0.04500000  0.02250000  4.50000000  |  -0.19459643 -0.01211555 -0.01264704 -0.00003592 0.00000000  
0.13500000  0.04500000  0.04050000  0.04500000  |  -0.11385698 -0.00963791 -0.00947246 -0.00000292 -0.00849919 
0.13500000  0.04500000  0.04050000  0.31500000  |  -0.11954993 -0.01129244 -0.01166396 -0.00003413 -0.00292908 
0.13500000  0.04500000  0.04050000  4.50000000  |  -0.12020182 -0.01247106 -0.01295167 -0.00004249 0.00000000  
0.13500000  0.04500000  0.04500000  0.04500000  |  -0.10441248 -0.00979385 -0.00960072 -0.00000354 -0.00826742 
0.13500000  0.04500000  0.04500000  0.31500000  |  -0.10986164 -0.01140331 -0.01176287 -0.00003525 -0.00286933 
0.13500000  0.04500000  0.04500000  4.50000000  |  -0.11056179 -0.01257731 -0.01304500 -0.00003664 0.00000000  
0.13500000  0.04500000  0.09000000  0.04500000  |  -0.05789448 -0.01126754 -0.01087245 -0.00000839 -0.00655119 
0.13500000  0.04500000  0.09000000  0.31500000  |  -0.06282414 -0.01289797 -0.01299442 -0.00004911 -0.00230737 
0.13500000  0.04500000  0.09000000  4.50000000  |  -0.06338435 -0.01388549 -0.01415378 -0.00005098 0.00000000  
0.13500000  0.04500000  0.13500000  0.04500000  |  -0.03971254 -0.01277488 -0.01218977 -0.00003287 -0.00532175 
0.13500000  0.04500000  0.13500000  0.31500000  |  -0.04378306 -0.01438718 -0.01426652 -0.00008031 -0.00196680 
0.13500000  0.04500000  0.13500000  4.50000000  |  -0.04418929 -0.01524427 -0.01525843 -0.00009764 0.00000000  
0.13500000  0.04500000  0.18000000  0.04500000  |  -0.02974287 -0.01425401 -0.01347879 -0.00011000 -0.00438477 
0.13500000  0.04500000  0.18000000  0.31500000  |  -0.03282261 -0.01591177 -0.01558049 -0.00016346 -0.00164086 
0.13500000  0.04500000  0.18000000  4.50000000  |  -0.03325827 -0.01667820 -0.01644645 -0.00016623 0.00000000  
0.13500000  0.04500000  0.22500000  0.04500000  |  -0.02314397 -0.01572073 -0.01468188 -0.00027117 -0.00362616 
0.13500000  0.04500000  0.22500000  0.31500000  |  -0.02574292 -0.01721284 -0.01676890 -0.00033766 -0.00124328 
0.13500000  0.04500000  0.22500000  4.50000000  |  -0.02625197 -0.01780876 -0.01743760 -0.00034613 0.00000000  
0.13500000  0.04500000  0.31500000  0.04500000  |  -0.01475116 -0.01809411 -0.01684548 -0.00096632 -0.00246492 
0.13500000  0.04500000  0.31500000  0.31500000  |  -0.01666334 -0.01961551 -0.01891561 -0.00105628 -0.00084865 
0.13500000  0.04500000  0.31500000  4.50000000  |  -0.01730996 -0.01989137 -0.01933906 -0.00107868 0.00000000  
0.13500000  0.04500000  0.45000000  0.04500000  |  -0.00821666 -0.02045151 -0.01923769 -0.00306390 -0.00135145 
0.13500000  0.04500000  0.45000000  0.31500000  |  -0.00930183 -0.02215835 -0.02135670 -0.00326862 -0.00045728 
0.13500000  0.04500000  0.45000000  4.50000000  |  -0.00973120 -0.02252113 -0.02174009 -0.00328083 0.00000000  
0.13500000  0.04500000  0.63000000  0.04500000  |  -0.00392421 -0.02250864 -0.02126096 -0.00768993 -0.00067881 
0.13500000  0.04500000  0.63000000  0.31500000  |  -0.00454306 -0.02402452 -0.02328881 -0.00784886 -0.00020383 
0.13500000  0.04500000  0.63000000  4.50000000  |  -0.00466070 -0.02445196 -0.02373406 -0.00784954 0.00000000  
0.13500000  0.04500000  0.81000000  0.04500000  |  -0.00184906 -0.02383459 -0.02233294 -0.01379234 -0.00031475 
0.13500000  0.04500000  0.81000000  0.31500000  |  -0.00222630 -0.02518828 -0.02442811 -0.01389211 -0.00009556 
0.13500000  0.04500000  0.81000000  4.50000000  |  -0.00243728 -0.02517959 -0.02461321 -0.01393260 0.00000000  
0.13500000  0.04500000  4.50000000  0.04500000  |  0.00000000  -0.02479491 -0.02335094 -0.18751269 0.00000000  
0.13500000  0.04500000  4.50000000  0.31500000  |  0.00000000  -0.02626912 -0.02545800 -0.18838403 0.00000000  
0.13500000  0.04500000  4.50000000  4.50000000  |  0.00000000  -0.02639300 -0.02587180 -0.18775192 0.00000000  
0.13500000  0.13500000  0.02250000  0.04500000  |  -0.19721503 -0.00838938 -0.00816002 0.00000272  -0.00317402 
0.13500000  0.13500000  0.02250000  0.31500000  |  -0.20020537 -0.00981390 -0.01020657 -0.00002834 -0.00125902 
0.13500000  0.13500000  0.02250000  4.50000000  |  -0.20106026 -0.01041766 -0.01092063 -0.00003090 0.00000000  
0.13500000  0.13500000  0.04050000  0.04500000  |  -0.12100771 -0.00901407 -0.00872275 0.00000276  -0.00295007 
0.13500000  0.13500000  0.04050000  0.31500000  |  -0.12411488 -0.01061290 -0.01070346 -0.00003024 -0.00121024 
0.13500000  0.13500000  0.04050000  4.50000000  |  -0.12448664 -0.01119493 -0.01137563 -0.00003163 0.00000000  
0.13500000  0.13500000  0.04500000  0.04500000  |  -0.11131246 -0.00917128 -0.00886255 0.00000266  -0.00289368 
0.13500000  0.13500000  0.04500000  0.31500000  |  -0.11434521 -0.01077378 -0.01083903 -0.00002957 -0.00120083 
0.13500000  0.13500000  0.04500000  4.50000000  |  -0.11480955 -0.01134274 -0.01150917 -0.00003625 0.00000000  
0.13500000  0.13500000  0.09000000  0.04500000  |  -0.06334444 -0.01078119 -0.01027999 -0.00000220 -0.00236525 
0.13500000  0.13500000  0.09000000  0.31500000  |  -0.06548855 -0.01235919 -0.01226749 -0.00003718 -0.00104169 
0.13500000  0.13500000  0.09000000  4.50000000  |  -0.06619099 -0.01287166 -0.01284765 -0.00004197 0.00000000  
0.13500000  0.13500000  0.13500000  0.04500000  |  -0.04390369 -0.01235469 -0.01167958 -0.00003153 -0.00201234 
0.13500000  0.13500000  0.13500000  0.31500000  |  -0.04600649 -0.01391577 -0.01369172 -0.00007117 -0.00085929 
0.13500000  0.13500000  0.13500000  4.50000000  |  -0.04654930 -0.01434374 -0.01418528 -0.00007640 0.00000000  
0.13500000  0.13500000  0.18000000  0.04500000  |  -0.03327551 -0.01401900 -0.01301816 -0.00011988 -0.00171617 
0.13500000  0.13500000  0.18000000  0.31500000  |  -0.03493648 -0.01541009 -0.01504097 -0.00016640 -0.00072973 
0.13500000  0.13500000  0.18000000  4.50000000  |  -0.03511216 -0.01585996 -0.01546819 -0.00016903 0.00000000  
0.13500000  0.13500000  0.22500000  0.04500000  |  -0.02576337 -0.01526753 -0.01432775 -0.00030797 -0.00147695 
0.13500000  0.13500000  0.22500000  0.31500000  |  -0.02734761 -0.01686379 -0.01632766 -0.00035233 -0.00060020 
0.13500000  0.13500000  0.22500000  4.50000000  |  -0.02757103 -0.01719618 -0.01674457 -0.00070639 0.00000000  
0.13500000  0.13500000  0.31500000  0.04500000  |  -0.01661245 -0.01768486 -0.01653156 -0.00108987 -0.00112392 
0.13500000  0.13500000  0.31500000  0.31500000  |  -0.01757284 -0.01928817 -0.01860940 -0.00114476 -0.00046932 
0.13500000  0.13500000  0.31500000  4.50000000  |  -0.01796550 -0.01964235 -0.01901696 -0.00115282 0.00000000  
0.13500000  0.13500000  0.45000000  0.04500000  |  -0.00913063 -0.02033803 -0.01907966 -0.00342069 -0.00061553 
0.13500000  0.13500000  0.45000000  0.31500000  |  -0.00971627 -0.02191587 -0.02115286 -0.00348985 -0.00021354 
0.13500000  0.13500000  0.45000000  4.50000000  |  -0.00987697 -0.02220677 -0.02157579 -0.00350534 0.00000000  
0.13500000  0.13500000  0.63000000  0.04500000  |  -0.00429484 -0.02276205 -0.02122135 -0.00814363 -0.00030276 
0.13500000  0.13500000  0.63000000  0.31500000  |  -0.00454409 -0.02414831 -0.02333731 -0.00863833 -0.00009825 
0.13500000  0.13500000  0.63000000  4.50000000  |  -0.00452261 -0.02441618 -0.02372749 -0.00811769 0.00000000  
0.13500000  0.13500000  0.81000000  0.04500000  |  -0.00208387 -0.02357126 -0.02227420 -0.01419166 -0.00012115 
0.13500000  0.13500000  0.81000000  0.31500000  |  -0.00225717 -0.02528173 -0.02441066 -0.01429503 -0.00004104 
0.13500000  0.13500000  0.81000000  4.50000000  |  -0.00242584 -0.02536649 -0.02469064 -0.01427018 0.00000000  
0.13500000  0.13500000  4.50000000  0.04500000  |  0.00000000  -0.02462526 -0.02338379 -0.18946244 0.00000000  
0.13500000  0.13500000  4.50000000  0.31500000  |  0.00000000  -0.02627164 -0.02545304 -0.19056959 0.00000000  
0.13500000  0.13500000  4.50000000  4.50000000  |  0.00000000  -0.02640676 -0.02589501 -0.18943953 0.00000000  
0.13500000  0.90000000  0.02250000  0.04500000  |  -0.20069969 -0.00823734 -0.00796410 -0.00000072 -0.00000423 
0.13500000  0.90000000  0.02250000  0.31500000  |  -0.20276622 -0.00965113 -0.00968966 -0.00002013 -0.00000728 
0.13500000  0.90000000  0.02250000  4.50000000  |  -0.20155691 -0.00979699 -0.00997962 -0.00001812 0.00000000  
0.13500000  0.90000000  0.04050000  0.04500000  |  -0.12447611 -0.00889392 -0.00853507 0.00000404  -0.00000604 
0.13500000  0.90000000  0.04050000  0.31500000  |  -0.12654093 -0.01011568 -0.01027556 -0.00003110 -0.00000300 
0.13500000  0.90000000  0.04050000  4.50000000  |  -0.12636828 -0.01021742 -0.01056673 -0.00001776 0.00000000  
0.13500000  0.90000000  0.04500000  0.04500000  |  -0.11481505 -0.00905407 -0.00867777 -0.00000074 -0.00000658 
0.13500000  0.90000000  0.04500000  0.31500000  |  -0.11671383 -0.01028137 -0.01041975 -0.00003110 -0.00000311 
0.13500000  0.90000000  0.04500000  4.50000000  |  -0.11616413 -0.01065444 -0.01069085 -0.00001721 0.00000000  
0.13500000  0.90000000  0.09000000  0.04500000  |  -0.06598778 -0.01070176 -0.01008986 -0.00000255 -0.00000966 
0.13500000  0.90000000  0.09000000  0.31500000  |  -0.06690051 -0.01212853 -0.01189651 -0.00004088 -0.00000788 
0.13500000  0.90000000  0.09000000  4.50000000  |  -0.06738888 -0.01229185 -0.01217791 -0.00015606 0.00000000  
0.13500000  0.90000000  0.13500000  0.04500000  |  -0.04633260 -0.01228686 -0.01152176 -0.00005669 -0.00000790 
0.13500000  0.90000000  0.13500000  0.31500000  |  -0.04732090 -0.01373781 -0.01334990 -0.00006675 -0.00000372 
0.13500000  0.90000000  0.13500000  4.50000000  |  -0.04768560 -0.01391771 -0.01360513 -0.00020251 0.00000000  
0.13500000  0.90000000  0.18000000  0.04500000  |  -0.03501060 -0.01382147 -0.01292371 -0.00018752 -0.00000714 
0.13500000  0.90000000  0.18000000  0.31500000  |  -0.03588004 -0.01532324 -0.01477579 -0.00021916 -0.00000669 
0.13500000  0.90000000  0.18000000  4.50000000  |  -0.03590059 -0.01547123 -0.01503162 -0.00034003 0.00000000  
0.13500000  0.90000000  0.22500000  0.04500000  |  -0.02751525 -0.01523456 -0.01421497 -0.00046962 -0.00000748 
0.13500000  0.90000000  0.22500000  0.31500000  |  -0.02814112 -0.01674382 -0.01608483 -0.00048062 -0.00000661 
0.13500000  0.90000000  0.22500000  4.50000000  |  -0.02820592 -0.01691265 -0.01637176 -0.00061896 0.00000000  
0.13500000  0.90000000  0.31500000  0.04500000  |  -0.01775519 -0.01762984 -0.01643821 -0.00137622 -0.00000687 
0.13500000  0.90000000  0.31500000  0.31500000  |  -0.01822521 -0.01929076 -0.01841285 -0.00141864 -0.00000714 
0.13500000  0.90000000  0.31500000  4.50000000  |  -0.01851837 -0.01938904 -0.01873266 -0.00173243 0.00000000  
0.13500000  0.90000000  0.45000000  0.04500000  |  -0.00994060 -0.02056880 -0.01904466 -0.00389404 -0.00000569 
0.13500000  0.90000000  0.45000000  0.31500000  |  -0.01022858 -0.02188689 -0.02097320 -0.00389879 -0.00000622 
0.13500000  0.90000000  0.45000000  4.50000000  |  -0.01059092 -0.02198213 -0.02136147 -0.00391211 0.00000000  
0.13500000  0.90000000  0.63000000  0.04500000  |  -0.00459792 -0.02247292 -0.02116963 -0.00893997 -0.00000539 
0.13500000  0.90000000  0.63000000  0.31500000  |  -0.00487627 -0.02414601 -0.02321309 -0.00913847 -0.00000401 
0.13500000  0.90000000  0.63000000  4.50000000  |  -0.00480101 -0.02430320 -0.02358443 -0.00900956 0.00000000  
0.13500000  0.90000000  0.81000000  0.04500000  |  -0.00229970 -0.02352546 -0.02220676 -0.01528461 -0.00000462 
0.13500000  0.90000000  0.81000000  0.31500000  |  -0.00232429 -0.02516208 -0.02438071 -0.01537652 -0.00000795 
0.13500000  0.90000000  0.81000000  4.50000000  |  -0.00231672 -0.02534028 -0.02474288 -0.01533838 0.00000000  
0.13500000  0.90000000  4.50000000  0.04500000  |  0.00000000  -0.02454085 -0.02325137 -0.20509561 0.00000000  
0.13500000  0.90000000  4.50000000  0.31500000  |  0.00000000  -0.02633680 -0.02546124 -0.20585136 0.00000000  
0.13500000  0.90000000  4.50000000  4.50000000  |  0.00000000  -0.02645578 -0.02582044 -0.20590895 0.00000000  
0.90000000  0.04500000  0.02250000  0.04500000  |  -0.19053617 -0.04751106 -0.04604456 -0.00001357 -0.01108511 
0.90000000  0.04500000  0.02250000  0.31500000  |  -0.19607091 -0.04797297 -0.04664905 -0.00004245 -0.00346881 
0.90000000  0.04500000  0.02250000  4.50000000  |  -0.19664690 -0.04919368 -0.04794189 -0.00024511 0.00000000  
0.90000000  0.04500000  0.04050000  0.04500000  |  -0.11540510 -0.04834234 -0.04677196 -0.00001351 -0.00985181 
0.90000000  0.04500000  0.04050000  0.31500000  |  -0.12024763 -0.04875584 -0.04717917 -0.00004310 -0.00318692 
0.90000000  0.04500000  0.04050000  4.50000000  |  -0.12221964 -0.04981248 -0.04846048 -0.00024689 0.00000000  
0.90000000  0.04500000  0.04500000  0.04500000  |  -0.10650306 -0.04843808 -0.04693963 -0.00001334 -0.00970807 
0.90000000  0.04500000  0.04500000  0.31500000  |  -0.11208653 -0.04884065 -0.04739324 -0.00004330 -0.00315295 
0.90000000  0.04500000  0.04500000  4.50000000  |  -0.11170795 -0.04998544 -0.04859471 -0.00024743 0.00000000  
0.90000000  0.04500000  0.09000000  0.04500000  |  -0.05906195 -0.05063528 -0.04869719 -0.00001996 -0.00755948 
0.90000000  0.04500000  0.09000000  0.31500000  |  -0.06375013 -0.05064492 -0.04909664 -0.00005811 -0.00248382 
0.90000000  0.04500000  0.09000000  4.50000000  |  -0.06381722 -0.05168248 -0.04988729 -0.00025557 0.00000000  
0.90000000  0.04500000  0.13500000  0.04500000  |  -0.04145327 -0.05226881 -0.05045676 -0.00005090 -0.00601424 
0.90000000  0.04500000  0.13500000  0.31500000  |  -0.04435928 -0.05248765 -0.05071102 -0.00015216 -0.00214831 
0.90000000  0.04500000  0.13500000  4.50000000  |  -0.04479593 -0.05298090 -0.05132071 -0.00030358 0.00000000  
0.90000000  0.04500000  0.18000000  0.04500000  |  -0.03097244 -0.05391529 -0.05201774 -0.00015317 -0.00506252 
0.90000000  0.04500000  0.18000000  0.31500000  |  -0.03424296 -0.05415274 -0.05236603 -0.00029305 -0.00163688 
0.90000000  0.04500000  0.18000000  4.50000000  |  -0.03422928 -0.05456244 -0.05271303 -0.00042350 0.00000000  
0.90000000  0.04500000  0.22500000  0.04500000  |  -0.02427651 -0.05563606 -0.05354019 -0.00039313 -0.00410598 
0.90000000  0.04500000  0.22500000  0.31500000  |  -0.02670273 -0.05559781 -0.05377278 -0.00047264 -0.00148861 
0.90000000  0.04500000  0.22500000  4.50000000  |  -0.02741139 -0.05595039 -0.05408608 -0.00060830 0.00000000  
0.90000000  0.04500000  0.31500000  0.04500000  |  -0.01554886 -0.05815121 -0.05610532 -0.00125141 -0.00284020 
0.90000000  0.04500000  0.31500000  0.31500000  |  -0.01744053 -0.05820457 -0.05622866 -0.00135457 -0.00100753 
0.90000000  0.04500000  0.31500000  4.50000000  |  -0.01801070 -0.05838120 -0.05644799 -0.00158488 0.00000000  
0.90000000  0.04500000  0.45000000  0.04500000  |  -0.00880047 -0.06102486 -0.05892425 -0.00365076 -0.00154627 
0.90000000  0.04500000  0.45000000  0.31500000  |  -0.00977007 -0.06082798 -0.05891752 -0.00370217 -0.00066479 
0.90000000  0.04500000  0.45000000  4.50000000  |  -0.00985826 -0.06067145 -0.05880846 -0.00376148 0.00000000  
0.90000000  0.04500000  0.63000000  0.04500000  |  -0.00415143 -0.06331861 -0.06112546 -0.00856216 -0.00069310 
0.90000000  0.04500000  0.63000000  0.31500000  |  -0.00447587 -0.06337221 -0.06121325 -0.00868238 -0.00035665 
0.90000000  0.04500000  0.63000000  4.50000000  |  -0.00485438 -0.06318254 -0.06098820 -0.00874528 0.00000000  
0.90000000  0.04500000  0.81000000  0.04500000  |  -0.00193650 -0.06429326 -0.06215028 -0.01482367 -0.00044885 
0.90000000  0.04500000  0.81000000  0.31500000  |  -0.00237750 -0.06407093 -0.06212159 -0.01488315 -0.00013837 
0.90000000  0.04500000  0.81000000  4.50000000  |  -0.00249971 -0.06422878 -0.06233334 -0.01493269 0.00000000  
0.90000000  0.04500000  4.50000000  0.04500000  |  0.00000000  -0.06553402 -0.06338633 -0.18867497 0.00000000  
0.90000000  0.04500000  4.50000000  0.31500000  |  0.00000000  -0.06540156 -0.06315683 -0.18881335 0.00000000  
0.90000000  0.04500000  4.50000000  4.50000000  |  0.00000000  -0.06524411 -0.06320658 -0.18867517 0.00000000  
0.90000000  0.13500000  0.02250000  0.04500000  |  -0.19958504 -0.04666647 -0.04497925 -0.00000068 -0.00393103 
0.90000000  0.13500000  0.02250000  0.31500000  |  -0.20213653 -0.04694276 -0.04543159 -0.00001933 -0.00135283 
0.90000000  0.13500000  0.02250000  4.50000000  |  -0.20158262 -0.04745171 -0.04587091 -0.00001810 0.00000000  
0.90000000  0.13500000  0.04050000  0.04500000  |  -0.12350515 -0.04775292 -0.04586530 -0.00000061 -0.00355287 
0.90000000  0.13500000  0.04050000  0.31500000  |  -0.12659461 -0.04766497 -0.04622987 -0.00003110 -0.00126561 
0.90000000  0.13500000  0.04050000  4.50000000  |  -0.12600122 -0.04815383 -0.04650712 -0.00001808 0.00000000  
0.90000000  0.13500000  0.04500000  0.04500000  |  -0.11413132 -0.04795932 -0.04606193 -0.00000064 -0.00347005 
0.90000000  0.13500000  0.04500000  0.31500000  |  -0.11496275 -0.04794893 -0.04642110 -0.00003111 -0.00136312 
0.90000000  0.13500000  0.04500000  4.50000000  |  -0.11629120 -0.04830121 -0.04667902 -0.00001722 0.00000000  
0.90000000  0.13500000  0.09000000  0.04500000  |  -0.06598982 -0.04987029 -0.04803911 -0.00000771 -0.00283280 
0.90000000  0.13500000  0.09000000  0.31500000  |  -0.06681901 -0.04990571 -0.04831429 -0.00004087 -0.00111025 
0.90000000  0.13500000  0.09000000  4.50000000  |  -0.06724927 -0.05027596 -0.04881576 -0.00015607 0.00000000  
0.90000000  0.13500000  0.13500000  0.04500000  |  -0.04597325 -0.05177415 -0.04987947 -0.00004183 -0.00229745 
0.90000000  0.13500000  0.13500000  0.31500000  |  -0.04732740 -0.05191783 -0.05002540 -0.00006675 -0.00078189 
0.90000000  0.13500000  0.13500000  4.50000000  |  -0.04773793 -0.05213860 -0.05034649 -0.00020405 0.00000000  
0.90000000  0.13500000  0.18000000  0.04500000  |  -0.03510701 -0.05360138 -0.05155355 -0.00018784 -0.00187865 
0.90000000  0.13500000  0.18000000  0.31500000  |  -0.03616069 -0.05369753 -0.05182048 -0.00021918 -0.00072226 
0.90000000  0.13500000  0.18000000  4.50000000  |  -0.03555085 -0.05385103 -0.05200809 -0.00034009 0.00000000  
0.90000000  0.13500000  0.22500000  0.04500000  |  -0.02742048 -0.05523112 -0.05315653 -0.00046920 -0.00159567 
0.90000000  0.13500000  0.22500000  0.31500000  |  -0.02842783 -0.05535843 -0.05330766 -0.00048075 -0.00053790 
0.90000000  0.13500000  0.22500000  4.50000000  |  -0.02800279 -0.05553441 -0.05365917 -0.00061905 0.00000000  
0.90000000  0.13500000  0.31500000  0.04500000  |  -0.01787991 -0.05798507 -0.05577560 -0.00137729 -0.00110414 
0.90000000  0.13500000  0.31500000  0.31500000  |  -0.01821902 -0.05798243 -0.05599844 -0.00141904 -0.00047684 
0.90000000  0.13500000  0.31500000  4.50000000  |  -0.01840438 -0.05822210 -0.05580611 -0.00173285 0.00000000  
0.90000000  0.13500000  0.45000000  0.04500000  |  -0.00981725 -0.06094932 -0.05874385 -0.00388754 -0.00060895 
0.90000000  0.13500000  0.45000000  0.31500000  |  -0.01006090 -0.06086467 -0.05881819 -0.00390041 -0.00032515 
0.90000000  0.13500000  0.45000000  4.50000000  |  -0.01030919 -0.06092396 -0.05896756 -0.00391413 0.00000000  
0.90000000  0.13500000  0.63000000  0.04500000  |  -0.00485899 -0.06312385 -0.06092729 -0.00894715 -0.00020780 
0.90000000  0.13500000  0.63000000  0.31500000  |  -0.00488771 -0.06303897 -0.06080408 -0.00914031 -0.00028620 
0.90000000  0.13500000  0.63000000  4.50000000  |  -0.00504745 -0.06314560 -0.06107156 -0.00900945 0.00000000  
0.90000000  0.13500000  0.81000000  0.04500000  |  -0.00240531 -0.06413009 -0.06212464 -0.01526252 -0.00009028 
0.90000000  0.13500000  0.81000000  0.31500000  |  -0.00213755 -0.06431453 -0.06257508 -0.01537628 -0.00018363 
0.90000000  0.13500000  0.81000000  4.50000000  |  -0.00258463 -0.06404590 -0.06251279 -0.01534186 0.00000000  
0.90000000  0.13500000  4.50000000  0.04500000  |  0.00000000  -0.06541557 -0.06331540 -0.19069695 0.00000000  
0.90000000  0.13500000  4.50000000  0.31500000  |  0.00000000  -0.06542517 -0.06336523 -0.19083277 0.00000000  
0.90000000  0.13500000  4.50000000  4.50000000  |  0.00000000  -0.06507709 -0.06335352 -0.19044207 0.00000000  
0.90000000  0.90000000  0.02250000  0.04500000  |  -0.20525996 -0.04656588 -0.04473230 0.00000002  0.00002119  
0.90000000  0.90000000  0.02250000  0.31500000  |  -0.20346304 -0.04653847 -0.04481033 0.00000147  -0.00000481 
0.90000000  0.90000000  0.02250000  4.50000000  |  -0.20410634 -0.04652783 -0.04483491 -0.00000509 0.00000000  
0.90000000  0.90000000  0.04050000  0.04500000  |  -0.12868666 -0.04744254 -0.04557104 -0.00000002 0.00001960  
0.90000000  0.90000000  0.04050000  0.31500000  |  -0.12729405 -0.04740986 -0.04566205 0.00000175  -0.00000379 
0.90000000  0.90000000  0.04050000  4.50000000  |  -0.12749905 -0.04737740 -0.04563266 -0.00000429 0.00000000  
0.90000000  0.90000000  0.04500000  0.04500000  |  -0.11843339 -0.04767924 -0.04578280 -0.00000004 0.00001579  
0.90000000  0.90000000  0.04500000  0.31500000  |  -0.11736744 -0.04763126 -0.04581753 0.00000170  0.00000243  
0.90000000  0.90000000  0.04500000  4.50000000  |  -0.11753446 -0.04760948 -0.04580397 -0.00000440 0.00000000  
0.90000000  0.90000000  0.09000000  0.04500000  |  -0.06871174 -0.04975112 -0.04780941 -0.00000305 0.00001009  
0.90000000  0.90000000  0.09000000  0.31500000  |  -0.06848407 -0.04980430 -0.04784558 -0.00000331 -0.00000630 
0.90000000  0.90000000  0.09000000  4.50000000  |  -0.06844568 -0.04982568 -0.04783876 -0.00000449 0.00000000  
0.90000000  0.90000000  0.13500000  0.04500000  |  -0.04877372 -0.05179356 -0.04964134 -0.00009099 0.00002743  
0.90000000  0.90000000  0.13500000  0.31500000  |  -0.04841459 -0.05137458 -0.04979214 -0.00009547 0.00000192  
0.90000000  0.90000000  0.13500000  4.50000000  |  -0.04865991 -0.05136633 -0.04973376 -0.00010103 0.00000000  
0.90000000  0.90000000  0.18000000  0.04500000  |  -0.03726062 -0.05353129 -0.05144952 -0.00029105 -0.00000973 
0.90000000  0.90000000  0.18000000  0.31500000  |  -0.03730237 -0.05356559 -0.05148049 -0.00028750 -0.00000556 
0.90000000  0.90000000  0.18000000  4.50000000  |  -0.03617265 -0.05335081 -0.05146223 -0.00029850 0.00000000  
0.90000000  0.90000000  0.22500000  0.04500000  |  -0.02940253 -0.05510509 -0.05301712 -0.00057491 -0.00000993 
0.90000000  0.90000000  0.22500000  0.31500000  |  -0.02906047 -0.05518184 -0.05311965 -0.00057397 -0.00000195 
0.90000000  0.90000000  0.22500000  4.50000000  |  -0.02918293 -0.05515878 -0.05311233 -0.00065203 0.00000000  
0.90000000  0.90000000  0.31500000  0.04500000  |  -0.01918527 -0.05789712 -0.05562954 -0.00196434 -0.00000776 
0.90000000  0.90000000  0.31500000  0.31500000  |  -0.01903714 -0.05774504 -0.05573926 -0.00194359 0.00000268  
0.90000000  0.90000000  0.31500000  4.50000000  |  -0.01884769 -0.05770621 -0.05584118 -0.00166406 0.00000000  
0.90000000  0.90000000  0.45000000  0.04500000  |  -0.01069330 -0.06089951 -0.05863595 -0.00445806 -0.00000496 
0.90000000  0.90000000  0.45000000  0.31500000  |  -0.01069117 -0.06088735 -0.05866283 -0.00449897 0.00000088  
0.90000000  0.90000000  0.45000000  4.50000000  |  -0.01034188 -0.06080695 -0.05875531 -0.00438567 0.00000000  
0.90000000  0.90000000  0.63000000  0.04500000  |  -0.00505654 -0.06313925 -0.06088860 -0.00981489 0.00000054  
0.90000000  0.90000000  0.63000000  0.31500000  |  -0.00497097 -0.06301469 -0.06091853 -0.00981000 -0.00000363 
0.90000000  0.90000000  0.63000000  4.50000000  |  -0.00505070 -0.06318666 -0.06100680 -0.00946221 0.00000000  
0.90000000  0.90000000  0.81000000  0.04500000  |  -0.00217189 -0.06440610 -0.06225564 -0.01625587 -0.00000631 
0.90000000  0.90000000  0.81000000  0.31500000  |  -0.00221147 -0.06449368 -0.06227484 -0.01623252 -0.00000073 
0.90000000  0.90000000  0.81000000  4.50000000  |  -0.00242230 -0.06439916 -0.06221858 -0.01621015 0.00000000  
0.90000000  0.90000000  4.50000000  0.04500000  |  0.00000000  -0.06498126 -0.06322864 -0.20680648 0.00000000  
0.90000000  0.90000000  4.50000000  0.31500000  |  0.00000000  -0.06548827 -0.06343442 -0.20683884 0.00000000  
0.90000000  0.90000000  4.50000000  4.50000000  |  0.00000000  -0.06507236 -0.06362293 -0.20673774 0.00000000  
