c2
4
-0.01951 0.7415
0.01951 0.7415
0.02549 0.8405
-0.02549 0.8405

6
botleft
4
-5.0675 -0.001
0 -0.001
0 0.001
-5.0675 0.001

botright
4
0 -0.001
5.3825 -0.001
5.3825 0.001
0 0.001

c1left
6
-0.01792 0.3705
0 0.3705
0 0.4665
-0.02708 0.4665
-0.021355 0.4065
-0.020305 0.3955

c1
6
0 0.3705
0.01792 0.3705
0.020305 0.3955
0.021355 0.4065
0.02708 0.4665
0 0.4665

c3
8
0.29708 0.3705
0.33292 0.3705
0.335305 0.3955
0.336355 0.4065
0.34208 0.4665
0.28792 0.4665
0.293645 0.4065
0.294695 0.3955

c4
4
0.29549 0.7415
0.33451 0.7415
0.34049 0.8405
0.28951 0.8405


54
FOXA+FOXB+TOX
5
-5.0675 0.001
0 0.001
5.3825 0.001
5.3825 0.2665
-5.0675 0.2665
4

ILD1a
4
-5.0675 0.2665
5.3825 0.2665
5.3825 0.2765
-5.0675 0.2765
7

ILD1b1+ILD1b2
9
-5.0675 0.2765
5.3825 0.2765
5.3825 0.3705
0.33292 0.3705
0.29708 0.3705
0.01792 0.3705
0 0.3705
-0.01792 0.3705
-5.0675 0.3705
4

ILD1b3
4
-5.0675 0.3705
-0.01792 0.3705
-0.020305 0.3955
-5.0675 0.3955
4

ILD1b3
4
0.01792 0.3705
0.29708 0.3705
0.294695 0.3955
0.020305 0.3955
4

ILD1b3
4
0.33292 0.3705
5.3825 0.3705
5.3825 0.3955
0.335305 0.3955
4

IMD1a
4
-5.0675 0.3955
-0.020305 0.3955
-0.021355 0.4065
-5.0675 0.4065
5.2

IMD1a
4
0.020305 0.3955
0.294695 0.3955
0.293645 0.4065
0.021355 0.4065
5.2

IMD1a
4
0.335305 0.3955
5.3825 0.3955
5.3825 0.4065
0.336355 0.4065
5.2

IMD1b
4
-5.0675 0.4065
-0.021355 0.4065
-0.02708 0.4665
-5.0675 0.4665
2.8

IMD1b
4
0.021355 0.4065
0.293645 0.4065
0.28792 0.4665
0.02708 0.4665
2.8

IMD1b
4
0.336355 0.4065
5.3825 0.4065
5.3825 0.4665
0.34208 0.4665
2.8

IMD2a
9
-5.0675 0.4665
-0.02708 0.4665
0 0.4665
0.02708 0.4665
0.28792 0.4665
0.34208 0.4665
5.3825 0.4665
5.3825 0.4875
-5.0675 0.4875
5.2

IMD2b
4
-5.0675 0.4875
5.3825 0.4875
5.3825 0.5025
-5.0675 0.5025
4.2

IMD2c
4
-5.0675 0.5025
5.3825 0.5025
5.3825 0.5265
-5.0675 0.5265
3.28

IMD2d1+IMD2d2
4
-5.0675 0.5265
5.3825 0.5265
5.3825 0.6535
-5.0675 0.6535
2.65

IMD3a
4
-5.0675 0.6535
5.3825 0.6535
5.3825 0.6745
-5.0675 0.6745
5.2

IMD3b
4
-5.0675 0.6745
5.3825 0.6745
5.3825 0.6895
-5.0675 0.6895
4.2

IMD3c
4
-5.0675 0.6895
5.3825 0.6895
5.3825 0.7135
-5.0675 0.7135
3.28

IMD3d1
8
-5.0675 0.7135
5.3825 0.7135
5.3825 0.7315
0.343924 0.7315
0.286076 0.7315
0.028924 0.7315
-0.028924 0.7315
-5.0675 0.7315
2.65

IMD3d1
4
-5.0675 0.7315
-0.028924 0.7315
-0.029528 0.7415
-5.0675 0.7415
2.65

IMD3d1_damage
8
-0.028924 0.7315
0.028924 0.7315
0.029528 0.7415
0.024519 0.7415
0.01951 0.7415
-0.01951 0.7415
-0.024519 0.7415
-0.029528 0.7415
3.1

IMD3d1
4
0.028924 0.7315
0.286076 0.7315
0.285472 0.7415
0.029528 0.7415
2.65

IMD3d1_damage
8
0.286076 0.7315
0.343924 0.7315
0.344528 0.7415
0.339519 0.7415
0.33451 0.7415
0.29549 0.7415
0.290481 0.7415
0.285472 0.7415
3.1

IMD3d1
4
0.343924 0.7315
5.3825 0.7315
5.3825 0.7415
0.344528 0.7415
2.65

IMD3d2
5
-5.0675 0.7415
-0.029528 0.7415
-0.024519 0.7415
-0.030499 0.8405
-5.0675 0.8405
2.65

IMD3d2_damage
4
-0.024519 0.7415
-0.01951 0.7415
-0.02549 0.8405
-0.030499 0.8405
2.9

IMD3d2_damage
4
0.01951 0.7415
0.024519 0.7415
0.030499 0.8405
0.02549 0.8405
2.9

IMD3d2
6
0.024519 0.7415
0.029528 0.7415
0.285472 0.7415
0.290481 0.7415
0.284501 0.8405
0.030499 0.8405
2.65

IMD3d2_damage
4
0.290481 0.7415
0.29549 0.7415
0.28951 0.8405
0.284501 0.8405
2.9

IMD3d2_damage
4
0.33451 0.7415
0.339519 0.7415
0.345499 0.8405
0.34049 0.8405
2.9

IMD3d2
5
0.339519 0.7415
0.344528 0.7415
5.3825 0.7415
5.3825 0.8405
0.345499 0.8405
2.65

IMD4a
12
-5.0675 0.8405
-0.030499 0.8405
-0.02549 0.8405
0.02549 0.8405
0.030499 0.8405
0.284501 0.8405
0.28951 0.8405
0.34049 0.8405
0.345499 0.8405
5.3825 0.8405
5.3825 0.8615
-5.0675 0.8615
5.2

IMD4b
4
-5.0675 0.8615
5.3825 0.8615
5.3825 0.8765
-5.0675 0.8765
4.2

IMD4c
4
-5.0675 0.8765
5.3825 0.8765
5.3825 0.9005
-5.0675 0.9005
3.28

IMD4d1+IMD4d2
4
-5.0675 0.9005
5.3825 0.9005
5.3825 1.0275
-5.0675 1.0275
2.65

IMD5a
4
-5.0675 1.0275
5.3825 1.0275
5.3825 1.0485
-5.0675 1.0485
5.2

IMD5b
4
-5.0675 1.0485
5.3825 1.0485
5.3825 1.0635
-5.0675 1.0635
4.2

IMD5c
4
-5.0675 1.0635
5.3825 1.0635
5.3825 1.0875
-5.0675 1.0875
3.28

IMD5d1+IMD5d2
4
-5.0675 1.0875
5.3825 1.0875
5.3825 1.2145
-5.0675 1.2145
2.65

IMD6a
4
-5.0675 1.2145
5.3825 1.2145
5.3825 1.2355
-5.0675 1.2355
5.2

IMD6b
4
-5.0675 1.2355
5.3825 1.2355
5.3825 1.2505
-5.0675 1.2505
4.2

IMD6c
4
-5.0675 1.2505
5.3825 1.2505
5.3825 1.2745
-5.0675 1.2745
3.28

IMD6d1+IMD6d2
4
-5.0675 1.2745
5.3825 1.2745
5.3825 1.4015
-5.0675 1.4015
2.65

IMD7a
4
-5.0675 1.4015
5.3825 1.4015
5.3825 1.4765
-5.0675 1.4765
5.2

IMD7b1+IMD7b2
4
-5.0675 1.4765
5.3825 1.4765
5.3825 2.9765
-5.0675 2.9765
4.2

IMD8a
4
-5.0675 2.9765
5.3825 2.9765
5.3825 3.0515
-5.0675 3.0515
5.2

IMD8b1+IMD8b2
4
-5.0675 3.0515
5.3825 3.0515
5.3825 4.5515
-5.0675 4.5515
4.2

PASS1
4
-5.0675 4.5515
5.3825 4.5515
5.3825 4.6265
-5.0675 4.6265
7

PASS2
4
-5.0675 4.6265
5.3825 4.6265
5.3825 5.0265
-5.0675 5.0265
4.2

PASS3
4
-5.0675 5.0265
5.3825 5.0265
5.3825 5.1015
-5.0675 5.1015
7

PASS4+PASS5
4
-5.0675 5.1015
5.3825 5.1015
5.3825 6.0515
-5.0675 6.0515
4.2

PASS6
4
-5.0675 6.0515
5.3825 6.0515
5.3825 6.6515
-5.0675 6.6515
7

air_Layer
4
-5.0675 6.6515
5.3825 6.6515
5.3825 6.9485
-5.0675 6.9485
1


4
-5.0675 0.001
5.3825 0.001
5.3825 6.9485
-5.0675 6.9485

