c1
8
-0.44542 0.3705
0.44542 0.3705
0.447805 0.3955
0.448855 0.4065
0.45458 0.4665
-0.45458 0.4665
-0.448855 0.4065
-0.447805 0.3955

10
botleft
4
-2.165 -0.001
0 -0.001
0 0.001
-2.165 0.001

botright
4
0 -0.001
3.0875 -0.001
3.0875 0.001
0 0.001

lbEnv
8
-1.66042 0.3705
-0.76958 0.3705
-0.767195 0.3955
-0.766145 0.4065
-0.76042 0.4665
-1.66958 0.4665
-1.663855 0.4065
-1.662805 0.3955

c3
8
0.47708 0.3705
1.36792 0.3705
1.370305 0.3955
1.371355 0.4065
1.37708 0.4665
0.46792 0.4665
0.473645 0.4065
0.474695 0.3955

rbEnv
8
1.69208 0.3705
2.58292 0.3705
2.585305 0.3955
2.586355 0.4065
2.59208 0.4665
1.68292 0.4665
1.688645 0.4065
1.689695 0.3955

ltEnv
4
-0.37951 0.5545
-0.34049 0.5545
-0.33451 0.6535
-0.38549 0.6535

c2left
4
-0.01951 0.5545
0 0.5545
0 0.6535
-0.02549 0.6535

c2
4
0 0.5545
0.01951 0.5545
0.02549 0.6535
0 0.6535

c4
4
0.04799 0.5545
0.08701 0.5545
0.09299 0.6535
0.04201 0.6535

rtEnv
4
0.40799 0.5545
0.44701 0.5545
0.45299 0.6535
0.40201 0.6535


70
FOXA+FOXB+TOX
5
-2.165 0.001
0 0.001
3.0875 0.001
3.0875 0.2665
-2.165 0.2665
4

ILD1a
4
-2.165 0.2665
3.0875 0.2665
3.0875 0.2765
-2.165 0.2765
7

ILD1b1+ILD1b2
12
-2.165 0.2765
3.0875 0.2765
3.0875 0.3705
2.58292 0.3705
1.69208 0.3705
1.36792 0.3705
0.47708 0.3705
0.44542 0.3705
-0.44542 0.3705
-0.76958 0.3705
-1.66042 0.3705
-2.165 0.3705
4

ILD1b3
4
-2.165 0.3705
-1.66042 0.3705
-1.662805 0.3955
-2.165 0.3955
4

ILD1b3
4
-0.76958 0.3705
-0.44542 0.3705
-0.447805 0.3955
-0.767195 0.3955
4

ILD1b3
4
0.44542 0.3705
0.47708 0.3705
0.474695 0.3955
0.447805 0.3955
4

ILD1b3
4
1.36792 0.3705
1.69208 0.3705
1.689695 0.3955
1.370305 0.3955
4

ILD1b3
4
2.58292 0.3705
3.0875 0.3705
3.0875 0.3955
2.585305 0.3955
4

IMD1a
4
-2.165 0.3955
-1.662805 0.3955
-1.663855 0.4065
-2.165 0.4065
5.2

IMD1a
4
-0.767195 0.3955
-0.447805 0.3955
-0.448855 0.4065
-0.766145 0.4065
5.2

IMD1a
4
0.447805 0.3955
0.474695 0.3955
0.473645 0.4065
0.448855 0.4065
5.2

IMD1a
4
1.370305 0.3955
1.689695 0.3955
1.688645 0.4065
1.371355 0.4065
5.2

IMD1a
4
2.585305 0.3955
3.0875 0.3955
3.0875 0.4065
2.586355 0.4065
5.2

IMD1b
4
-2.165 0.4065
-1.663855 0.4065
-1.66958 0.4665
-2.165 0.4665
2.8

IMD1b
4
-0.766145 0.4065
-0.448855 0.4065
-0.45458 0.4665
-0.76042 0.4665
2.8

IMD1b
4
0.448855 0.4065
0.473645 0.4065
0.46792 0.4665
0.45458 0.4665
2.8

IMD1b
4
1.371355 0.4065
1.688645 0.4065
1.68292 0.4665
1.37708 0.4665
2.8

IMD1b
4
2.586355 0.4065
3.0875 0.4065
3.0875 0.4665
2.59208 0.4665
2.8

IMD2a
12
-2.165 0.4665
-1.66958 0.4665
-0.76042 0.4665
-0.45458 0.4665
0.45458 0.4665
0.46792 0.4665
1.37708 0.4665
1.68292 0.4665
2.59208 0.4665
3.0875 0.4665
3.0875 0.4875
-2.165 0.4875
5.2

IMD2b
4
-2.165 0.4875
3.0875 0.4875
3.0875 0.5025
-2.165 0.5025
4.2

IMD2c
4
-2.165 0.5025
3.0875 0.5025
3.0875 0.5265
-2.165 0.5265
3.28

IMD2d1
12
-2.165 0.5265
3.0875 0.5265
3.0875 0.5445
0.456424 0.5445
0.398576 0.5445
0.096424 0.5445
0.038576 0.5445
0.028924 0.5445
-0.028924 0.5445
-0.331076 0.5445
-0.388924 0.5445
-2.165 0.5445
2.65

IMD2d1
4
-2.165 0.5445
-0.388924 0.5445
-0.389528 0.5545
-2.165 0.5545
2.65

IMD2d1_damage
8
-0.388924 0.5445
-0.331076 0.5445
-0.330472 0.5545
-0.335481 0.5545
-0.34049 0.5545
-0.37951 0.5545
-0.384519 0.5545
-0.389528 0.5545
3.1

IMD2d1
4
-0.331076 0.5445
-0.028924 0.5445
-0.029528 0.5545
-0.330472 0.5545
2.65

IMD2d1_damage
9
-0.028924 0.5445
0.028924 0.5445
0.029528 0.5545
0.024519 0.5545
0.01951 0.5545
0 0.5545
-0.01951 0.5545
-0.024519 0.5545
-0.029528 0.5545
3.1

IMD2d1
4
0.028924 0.5445
0.038576 0.5445
0.037972 0.5545
0.029528 0.5545
2.65

IMD2d1_damage
8
0.038576 0.5445
0.096424 0.5445
0.097028 0.5545
0.092019 0.5545
0.08701 0.5545
0.04799 0.5545
0.042981 0.5545
0.037972 0.5545
3.1

IMD2d1
4
0.096424 0.5445
0.398576 0.5445
0.397972 0.5545
0.097028 0.5545
2.65

IMD2d1_damage
8
0.398576 0.5445
0.456424 0.5445
0.457028 0.5545
0.452019 0.5545
0.44701 0.5545
0.40799 0.5545
0.402981 0.5545
0.397972 0.5545
3.1

IMD2d1
4
0.456424 0.5445
3.0875 0.5445
3.0875 0.5545
0.457028 0.5545
2.65

IMD2d2
5
-2.165 0.5545
-0.389528 0.5545
-0.384519 0.5545
-0.390499 0.6535
-2.165 0.6535
2.65

IMD2d2_damage
4
-0.384519 0.5545
-0.37951 0.5545
-0.38549 0.6535
-0.390499 0.6535
2.9

IMD2d2_damage
4
-0.34049 0.5545
-0.335481 0.5545
-0.329501 0.6535
-0.33451 0.6535
2.9

IMD2d2
6
-0.335481 0.5545
-0.330472 0.5545
-0.029528 0.5545
-0.024519 0.5545
-0.030499 0.6535
-0.329501 0.6535
2.65

IMD2d2_damage
4
-0.024519 0.5545
-0.01951 0.5545
-0.02549 0.6535
-0.030499 0.6535
2.9

IMD2d2_damage
4
0.01951 0.5545
0.024519 0.5545
0.030499 0.6535
0.02549 0.6535
2.9

IMD2d2
6
0.024519 0.5545
0.029528 0.5545
0.037972 0.5545
0.042981 0.5545
0.037001 0.6535
0.030499 0.6535
2.65

IMD2d2_damage
4
0.042981 0.5545
0.04799 0.5545
0.04201 0.6535
0.037001 0.6535
2.9

IMD2d2_damage
4
0.08701 0.5545
0.092019 0.5545
0.097999 0.6535
0.09299 0.6535
2.9

IMD2d2
6
0.092019 0.5545
0.097028 0.5545
0.397972 0.5545
0.402981 0.5545
0.397001 0.6535
0.097999 0.6535
2.65

IMD2d2_damage
4
0.402981 0.5545
0.40799 0.5545
0.40201 0.6535
0.397001 0.6535
2.9

IMD2d2_damage
4
0.44701 0.5545
0.452019 0.5545
0.457999 0.6535
0.45299 0.6535
2.9

IMD2d2
5
0.452019 0.5545
0.457028 0.5545
3.0875 0.5545
3.0875 0.6535
0.457999 0.6535
2.65

IMD3a
21
-2.165 0.6535
-0.390499 0.6535
-0.38549 0.6535
-0.33451 0.6535
-0.329501 0.6535
-0.030499 0.6535
-0.02549 0.6535
0 0.6535
0.02549 0.6535
0.030499 0.6535
0.037001 0.6535
0.04201 0.6535
0.09299 0.6535
0.097999 0.6535
0.397001 0.6535
0.40201 0.6535
0.45299 0.6535
0.457999 0.6535
3.0875 0.6535
3.0875 0.6745
-2.165 0.6745
5.2

IMD3b
4
-2.165 0.6745
3.0875 0.6745
3.0875 0.6895
-2.165 0.6895
4.2

IMD3c
4
-2.165 0.6895
3.0875 0.6895
3.0875 0.7135
-2.165 0.7135
3.28

IMD3d1+IMD3d2
4
-2.165 0.7135
3.0875 0.7135
3.0875 0.8405
-2.165 0.8405
2.65

IMD4a
4
-2.165 0.8405
3.0875 0.8405
3.0875 0.8615
-2.165 0.8615
5.2

IMD4b
4
-2.165 0.8615
3.0875 0.8615
3.0875 0.8765
-2.165 0.8765
4.2

IMD4c
4
-2.165 0.8765
3.0875 0.8765
3.0875 0.9005
-2.165 0.9005
3.28

IMD4d1+IMD4d2
4
-2.165 0.9005
3.0875 0.9005
3.0875 1.0275
-2.165 1.0275
2.65

IMD5a
4
-2.165 1.0275
3.0875 1.0275
3.0875 1.0485
-2.165 1.0485
5.2

IMD5b
4
-2.165 1.0485
3.0875 1.0485
3.0875 1.0635
-2.165 1.0635
4.2

IMD5c
4
-2.165 1.0635
3.0875 1.0635
3.0875 1.0875
-2.165 1.0875
3.28

IMD5d1+IMD5d2
4
-2.165 1.0875
3.0875 1.0875
3.0875 1.2145
-2.165 1.2145
2.65

IMD6a
4
-2.165 1.2145
3.0875 1.2145
3.0875 1.2355
-2.165 1.2355
5.2

IMD6b
4
-2.165 1.2355
3.0875 1.2355
3.0875 1.2505
-2.165 1.2505
4.2

IMD6c
4
-2.165 1.2505
3.0875 1.2505
3.0875 1.2745
-2.165 1.2745
3.28

IMD6d1+IMD6d2
4
-2.165 1.2745
3.0875 1.2745
3.0875 1.4015
-2.165 1.4015
2.65

IMD7a
4
-2.165 1.4015
3.0875 1.4015
3.0875 1.4765
-2.165 1.4765
5.2

IMD7b1+IMD7b2
4
-2.165 1.4765
3.0875 1.4765
3.0875 2.9765
-2.165 2.9765
4.2

IMD8a
4
-2.165 2.9765
3.0875 2.9765
3.0875 3.0515
-2.165 3.0515
5.2

IMD8b1+IMD8b2
4
-2.165 3.0515
3.0875 3.0515
3.0875 4.5515
-2.165 4.5515
4.2

PASS1
4
-2.165 4.5515
3.0875 4.5515
3.0875 4.6265
-2.165 4.6265
7

PASS2
4
-2.165 4.6265
3.0875 4.6265
3.0875 5.0265
-2.165 5.0265
4.2

PASS3
4
-2.165 5.0265
3.0875 5.0265
3.0875 5.1015
-2.165 5.1015
7

PASS4+PASS5
4
-2.165 5.1015
3.0875 5.1015
3.0875 6.0515
-2.165 6.0515
4.2

PASS6
4
-2.165 6.0515
3.0875 6.0515
3.0875 6.6515
-2.165 6.6515
7

air_Layer
4
-2.165 6.6515
3.0875 6.6515
3.0875 9.3515
-2.165 9.3515
1


4
-2.165 0.001
3.0875 0.001
3.0875 9.3515
-2.165 9.3515

