c2
4
-0.01951 0.5545
0.01951 0.5545
0.02549 0.6535
-0.02549 0.6535

10
botleft
4
-1.0175 -0.001
0 -0.001
0 0.001
-1.0175 0.001

botright
4
0 -0.001
1.2425 -0.001
1.2425 0.001
0 0.001

lbEnv
8
-0.51292 0.3705
-0.38708 0.3705
-0.384695 0.3955
-0.383645 0.4065
-0.37792 0.4665
-0.52208 0.4665
-0.516355 0.4065
-0.515305 0.3955

c1left
6
-0.06292 0.3705
0 0.3705
0 0.4665
-0.07208 0.4665
-0.066355 0.4065
-0.065305 0.3955

c1
6
0 0.3705
0.06292 0.3705
0.065305 0.3955
0.066355 0.4065
0.07208 0.4665
0 0.4665

c3
8
0.34208 0.3705
0.37792 0.3705
0.380305 0.3955
0.381355 0.4065
0.38708 0.4665
0.33292 0.4665
0.338645 0.4065
0.339695 0.3955

rbEnv
8
0.70208 0.3705
0.73792 0.3705
0.740305 0.3955
0.741355 0.4065
0.74708 0.4665
0.69292 0.4665
0.698645 0.4065
0.699695 0.3955

ltEnv
4
-0.37951 0.5545
-0.34049 0.5545
-0.33451 0.6535
-0.38549 0.6535

c4
4
0.29549 0.5545
0.33451 0.5545
0.34049 0.6535
0.28951 0.6535

rtEnv
4
0.65549 0.5545
0.69451 0.5545
0.70049 0.6535
0.64951 0.6535


70
FOXA+FOXB+TOX
5
-1.0175 0.001
0 0.001
1.2425 0.001
1.2425 0.2665
-1.0175 0.2665
4

ILD1a
4
-1.0175 0.2665
1.2425 0.2665
1.2425 0.2765
-1.0175 0.2765
7

ILD1b1+ILD1b2
13
-1.0175 0.2765
1.2425 0.2765
1.2425 0.3705
0.73792 0.3705
0.70208 0.3705
0.37792 0.3705
0.34208 0.3705
0.06292 0.3705
0 0.3705
-0.06292 0.3705
-0.38708 0.3705
-0.51292 0.3705
-1.0175 0.3705
4

ILD1b3
4
-1.0175 0.3705
-0.51292 0.3705
-0.515305 0.3955
-1.0175 0.3955
4

ILD1b3
4
-0.38708 0.3705
-0.06292 0.3705
-0.065305 0.3955
-0.384695 0.3955
4

ILD1b3
4
0.06292 0.3705
0.34208 0.3705
0.339695 0.3955
0.065305 0.3955
4

ILD1b3
4
0.37792 0.3705
0.70208 0.3705
0.699695 0.3955
0.380305 0.3955
4

ILD1b3
4
0.73792 0.3705
1.2425 0.3705
1.2425 0.3955
0.740305 0.3955
4

IMD1a
4
-1.0175 0.3955
-0.515305 0.3955
-0.516355 0.4065
-1.0175 0.4065
5.2

IMD1a
4
-0.384695 0.3955
-0.065305 0.3955
-0.066355 0.4065
-0.383645 0.4065
5.2

IMD1a
4
0.065305 0.3955
0.339695 0.3955
0.338645 0.4065
0.066355 0.4065
5.2

IMD1a
4
0.380305 0.3955
0.699695 0.3955
0.698645 0.4065
0.381355 0.4065
5.2

IMD1a
4
0.740305 0.3955
1.2425 0.3955
1.2425 0.4065
0.741355 0.4065
5.2

IMD1b
4
-1.0175 0.4065
-0.516355 0.4065
-0.52208 0.4665
-1.0175 0.4665
2.8

IMD1b
4
-0.383645 0.4065
-0.066355 0.4065
-0.07208 0.4665
-0.37792 0.4665
2.8

IMD1b
4
0.066355 0.4065
0.338645 0.4065
0.33292 0.4665
0.07208 0.4665
2.8

IMD1b
4
0.381355 0.4065
0.698645 0.4065
0.69292 0.4665
0.38708 0.4665
2.8

IMD1b
4
0.741355 0.4065
1.2425 0.4065
1.2425 0.4665
0.74708 0.4665
2.8

IMD2a
13
-1.0175 0.4665
-0.52208 0.4665
-0.37792 0.4665
-0.07208 0.4665
0 0.4665
0.07208 0.4665
0.33292 0.4665
0.38708 0.4665
0.69292 0.4665
0.74708 0.4665
1.2425 0.4665
1.2425 0.4875
-1.0175 0.4875
5.2

IMD2b
4
-1.0175 0.4875
1.2425 0.4875
1.2425 0.5025
-1.0175 0.5025
4.2

IMD2c
4
-1.0175 0.5025
1.2425 0.5025
1.2425 0.5265
-1.0175 0.5265
3.28

IMD2d1
12
-1.0175 0.5265
1.2425 0.5265
1.2425 0.5445
0.703924 0.5445
0.646076 0.5445
0.343924 0.5445
0.286076 0.5445
0.028924 0.5445
-0.028924 0.5445
-0.331076 0.5445
-0.388924 0.5445
-1.0175 0.5445
2.65

IMD2d1
4
-1.0175 0.5445
-0.388924 0.5445
-0.389528 0.5545
-1.0175 0.5545
2.65

IMD2d1_damage
8
-0.388924 0.5445
-0.331076 0.5445
-0.330472 0.5545
-0.335481 0.5545
-0.34049 0.5545
-0.37951 0.5545
-0.384519 0.5545
-0.389528 0.5545
3.1

IMD2d1
4
-0.331076 0.5445
-0.028924 0.5445
-0.029528 0.5545
-0.330472 0.5545
2.65

IMD2d1_damage
8
-0.028924 0.5445
0.028924 0.5445
0.029528 0.5545
0.024519 0.5545
0.01951 0.5545
-0.01951 0.5545
-0.024519 0.5545
-0.029528 0.5545
3.1

IMD2d1
4
0.028924 0.5445
0.286076 0.5445
0.285472 0.5545
0.029528 0.5545
2.65

IMD2d1_damage
8
0.286076 0.5445
0.343924 0.5445
0.344528 0.5545
0.339519 0.5545
0.33451 0.5545
0.29549 0.5545
0.290481 0.5545
0.285472 0.5545
3.1

IMD2d1
4
0.343924 0.5445
0.646076 0.5445
0.645472 0.5545
0.344528 0.5545
2.65

IMD2d1_damage
8
0.646076 0.5445
0.703924 0.5445
0.704528 0.5545
0.699519 0.5545
0.69451 0.5545
0.65549 0.5545
0.650481 0.5545
0.645472 0.5545
3.1

IMD2d1
4
0.703924 0.5445
1.2425 0.5445
1.2425 0.5545
0.704528 0.5545
2.65

IMD2d2
5
-1.0175 0.5545
-0.389528 0.5545
-0.384519 0.5545
-0.390499 0.6535
-1.0175 0.6535
2.65

IMD2d2_damage
4
-0.384519 0.5545
-0.37951 0.5545
-0.38549 0.6535
-0.390499 0.6535
2.9

IMD2d2_damage
4
-0.34049 0.5545
-0.335481 0.5545
-0.329501 0.6535
-0.33451 0.6535
2.9

IMD2d2
6
-0.335481 0.5545
-0.330472 0.5545
-0.029528 0.5545
-0.024519 0.5545
-0.030499 0.6535
-0.329501 0.6535
2.65

IMD2d2_damage
4
-0.024519 0.5545
-0.01951 0.5545
-0.02549 0.6535
-0.030499 0.6535
2.9

IMD2d2_damage
4
0.01951 0.5545
0.024519 0.5545
0.030499 0.6535
0.02549 0.6535
2.9

IMD2d2
6
0.024519 0.5545
0.029528 0.5545
0.285472 0.5545
0.290481 0.5545
0.284501 0.6535
0.030499 0.6535
2.65

IMD2d2_damage
4
0.290481 0.5545
0.29549 0.5545
0.28951 0.6535
0.284501 0.6535
2.9

IMD2d2_damage
4
0.33451 0.5545
0.339519 0.5545
0.345499 0.6535
0.34049 0.6535
2.9

IMD2d2
6
0.339519 0.5545
0.344528 0.5545
0.645472 0.5545
0.650481 0.5545
0.644501 0.6535
0.345499 0.6535
2.65

IMD2d2_damage
4
0.650481 0.5545
0.65549 0.5545
0.64951 0.6535
0.644501 0.6535
2.9

IMD2d2_damage
4
0.69451 0.5545
0.699519 0.5545
0.705499 0.6535
0.70049 0.6535
2.9

IMD2d2
5
0.699519 0.5545
0.704528 0.5545
1.2425 0.5545
1.2425 0.6535
0.705499 0.6535
2.65

IMD3a
20
-1.0175 0.6535
-0.390499 0.6535
-0.38549 0.6535
-0.33451 0.6535
-0.329501 0.6535
-0.030499 0.6535
-0.02549 0.6535
0.02549 0.6535
0.030499 0.6535
0.284501 0.6535
0.28951 0.6535
0.34049 0.6535
0.345499 0.6535
0.644501 0.6535
0.64951 0.6535
0.70049 0.6535
0.705499 0.6535
1.2425 0.6535
1.2425 0.6745
-1.0175 0.6745
5.2

IMD3b
4
-1.0175 0.6745
1.2425 0.6745
1.2425 0.6895
-1.0175 0.6895
4.2

IMD3c
4
-1.0175 0.6895
1.2425 0.6895
1.2425 0.7135
-1.0175 0.7135
3.28

IMD3d1+IMD3d2
4
-1.0175 0.7135
1.2425 0.7135
1.2425 0.8405
-1.0175 0.8405
2.65

IMD4a
4
-1.0175 0.8405
1.2425 0.8405
1.2425 0.8615
-1.0175 0.8615
5.2

IMD4b
4
-1.0175 0.8615
1.2425 0.8615
1.2425 0.8765
-1.0175 0.8765
4.2

IMD4c
4
-1.0175 0.8765
1.2425 0.8765
1.2425 0.9005
-1.0175 0.9005
3.28

IMD4d1+IMD4d2
4
-1.0175 0.9005
1.2425 0.9005
1.2425 1.0275
-1.0175 1.0275
2.65

IMD5a
4
-1.0175 1.0275
1.2425 1.0275
1.2425 1.0485
-1.0175 1.0485
5.2

IMD5b
4
-1.0175 1.0485
1.2425 1.0485
1.2425 1.0635
-1.0175 1.0635
4.2

IMD5c
4
-1.0175 1.0635
1.2425 1.0635
1.2425 1.0875
-1.0175 1.0875
3.28

IMD5d1+IMD5d2
4
-1.0175 1.0875
1.2425 1.0875
1.2425 1.2145
-1.0175 1.2145
2.65

IMD6a
4
-1.0175 1.2145
1.2425 1.2145
1.2425 1.2355
-1.0175 1.2355
5.2

IMD6b
4
-1.0175 1.2355
1.2425 1.2355
1.2425 1.2505
-1.0175 1.2505
4.2

IMD6c
4
-1.0175 1.2505
1.2425 1.2505
1.2425 1.2745
-1.0175 1.2745
3.28

IMD6d1+IMD6d2
4
-1.0175 1.2745
1.2425 1.2745
1.2425 1.4015
-1.0175 1.4015
2.65

IMD7a
4
-1.0175 1.4015
1.2425 1.4015
1.2425 1.4765
-1.0175 1.4765
5.2

IMD7b1+IMD7b2
4
-1.0175 1.4765
1.2425 1.4765
1.2425 2.9765
-1.0175 2.9765
4.2

IMD8a
4
-1.0175 2.9765
1.2425 2.9765
1.2425 3.0515
-1.0175 3.0515
5.2

IMD8b1+IMD8b2
4
-1.0175 3.0515
1.2425 3.0515
1.2425 4.5515
-1.0175 4.5515
4.2

PASS1
4
-1.0175 4.5515
1.2425 4.5515
1.2425 4.6265
-1.0175 4.6265
7

PASS2
4
-1.0175 4.6265
1.2425 4.6265
1.2425 5.0265
-1.0175 5.0265
4.2

PASS3
4
-1.0175 5.0265
1.2425 5.0265
1.2425 5.1015
-1.0175 5.1015
7

PASS4+PASS5
4
-1.0175 5.1015
1.2425 5.1015
1.2425 6.0515
-1.0175 6.0515
4.2

PASS6
4
-1.0175 6.0515
1.2425 6.0515
1.2425 6.6515
-1.0175 6.6515
7

air_Layer
4
-1.0175 6.6515
1.2425 6.6515
1.2425 6.9485
-1.0175 6.9485
1


4
-1.0175 0.001
1.2425 0.001
1.2425 6.9485
-1.0175 6.9485

