c1
4
-0.01951 0.5545
0.01951 0.5545
0.02549 0.6535
-0.02549 0.6535

7
botleft
4
-0.6125 -0.001
0 -0.001
0 0.001
-0.6125 0.001

botright
4
0 -0.001
0.8825 -0.001
0.8825 0.001
0 0.001

lEnv
4
-0.10951 0.5545
-0.07049 0.5545
-0.06451 0.6535
-0.11549 0.6535

c2
4
0.07049 0.5545
0.19951 0.5545
0.20549 0.6535
0.06451 0.6535

rEnv
4
0.25049 0.5545
0.37951 0.5545
0.38549 0.6535
0.24451 0.6535

topleft
4
-0.6125 0.7415
0 0.7415
0 0.8405
-0.6125 0.8405

topright
4
0 0.7415
0.8825 0.7415
0.8825 0.8405
0 0.8405


36
FOXA+FOXB+TOX
5
-0.6125 0.001
0 0.001
0.8825 0.001
0.8825 0.2665
-0.6125 0.2665
4

ILD1a
4
-0.6125 0.2665
0.8825 0.2665
0.8825 0.2765
-0.6125 0.2765
7

ILD1b1+ILD1b2+ILD1b3
4
-0.6125 0.2765
0.8825 0.2765
0.8825 0.3955
-0.6125 0.3955
4

IMD1a
4
-0.6125 0.3955
0.8825 0.3955
0.8825 0.4065
-0.6125 0.4065
5.2

IMD1b
4
-0.6125 0.4065
0.8825 0.4065
0.8825 0.4665
-0.6125 0.4665
2.8

IMD2a
4
-0.6125 0.4665
0.8825 0.4665
0.8825 0.4875
-0.6125 0.4875
5.2

IMD2b
4
-0.6125 0.4875
0.8825 0.4875
0.8825 0.5025
-0.6125 0.5025
4.2

IMD2c
4
-0.6125 0.5025
0.8825 0.5025
0.8825 0.5265
-0.6125 0.5265
3.28

IMD2d1
12
-0.6125 0.5265
0.8825 0.5265
0.8825 0.5445
0.388924 0.5445
0.241076 0.5445
0.208924 0.5445
0.061076 0.5445
0.028924 0.5445
-0.028924 0.5445
-0.061076 0.5445
-0.118924 0.5445
-0.6125 0.5445
2.65

IMD2d1
4
-0.6125 0.5445
-0.118924 0.5445
-0.119528 0.5545
-0.6125 0.5545
2.65

IMD2d1_damage
8
-0.118924 0.5445
-0.061076 0.5445
-0.060472 0.5545
-0.065481 0.5545
-0.07049 0.5545
-0.10951 0.5545
-0.114519 0.5545
-0.119528 0.5545
3.1

IMD2d1
4
-0.061076 0.5445
-0.028924 0.5445
-0.029528 0.5545
-0.060472 0.5545
2.65

IMD2d1_damage
8
-0.028924 0.5445
0.028924 0.5445
0.029528 0.5545
0.024519 0.5545
0.01951 0.5545
-0.01951 0.5545
-0.024519 0.5545
-0.029528 0.5545
3.1

IMD2d1
4
0.028924 0.5445
0.061076 0.5445
0.060472 0.5545
0.029528 0.5545
2.65

IMD2d1_damage
8
0.061076 0.5445
0.208924 0.5445
0.209528 0.5545
0.204519 0.5545
0.19951 0.5545
0.07049 0.5545
0.065481 0.5545
0.060472 0.5545
3.1

IMD2d1
4
0.208924 0.5445
0.241076 0.5445
0.240472 0.5545
0.209528 0.5545
2.65

IMD2d1_damage
8
0.241076 0.5445
0.388924 0.5445
0.389528 0.5545
0.384519 0.5545
0.37951 0.5545
0.25049 0.5545
0.245481 0.5545
0.240472 0.5545
3.1

IMD2d1
4
0.388924 0.5445
0.8825 0.5445
0.8825 0.5545
0.389528 0.5545
2.65

IMD2d2
5
-0.6125 0.5545
-0.119528 0.5545
-0.114519 0.5545
-0.120499 0.6535
-0.6125 0.6535
2.65

IMD2d2_damage
4
-0.114519 0.5545
-0.10951 0.5545
-0.11549 0.6535
-0.120499 0.6535
2.9

IMD2d2_damage
4
-0.07049 0.5545
-0.065481 0.5545
-0.059501 0.6535
-0.06451 0.6535
2.9

IMD2d2
6
-0.065481 0.5545
-0.060472 0.5545
-0.029528 0.5545
-0.024519 0.5545
-0.030499 0.6535
-0.059501 0.6535
2.65

IMD2d2_damage
4
-0.024519 0.5545
-0.01951 0.5545
-0.02549 0.6535
-0.030499 0.6535
2.9

IMD2d2_damage
4
0.01951 0.5545
0.024519 0.5545
0.030499 0.6535
0.02549 0.6535
2.9

IMD2d2
6
0.024519 0.5545
0.029528 0.5545
0.060472 0.5545
0.065481 0.5545
0.059501 0.6535
0.030499 0.6535
2.65

IMD2d2_damage
4
0.065481 0.5545
0.07049 0.5545
0.06451 0.6535
0.059501 0.6535
2.9

IMD2d2_damage
4
0.19951 0.5545
0.204519 0.5545
0.210499 0.6535
0.20549 0.6535
2.9

IMD2d2
6
0.204519 0.5545
0.209528 0.5545
0.240472 0.5545
0.245481 0.5545
0.239501 0.6535
0.210499 0.6535
2.65

IMD2d2_damage
4
0.245481 0.5545
0.25049 0.5545
0.24451 0.6535
0.239501 0.6535
2.9

IMD2d2_damage
4
0.37951 0.5545
0.384519 0.5545
0.390499 0.6535
0.38549 0.6535
2.9

IMD2d2
5
0.384519 0.5545
0.389528 0.5545
0.8825 0.5545
0.8825 0.6535
0.390499 0.6535
2.65

IMD3a
20
-0.6125 0.6535
-0.120499 0.6535
-0.11549 0.6535
-0.06451 0.6535
-0.059501 0.6535
-0.030499 0.6535
-0.02549 0.6535
0.02549 0.6535
0.030499 0.6535
0.059501 0.6535
0.06451 0.6535
0.20549 0.6535
0.210499 0.6535
0.239501 0.6535
0.24451 0.6535
0.38549 0.6535
0.390499 0.6535
0.8825 0.6535
0.8825 0.6745
-0.6125 0.6745
5.2

IMD3b
4
-0.6125 0.6745
0.8825 0.6745
0.8825 0.6895
-0.6125 0.6895
4.2

IMD3c
4
-0.6125 0.6895
0.8825 0.6895
0.8825 0.7135
-0.6125 0.7135
3.28

IMD3d1
4
-0.6125 0.7135
0.8825 0.7135
0.8825 0.7315
-0.6125 0.7315
2.65

IMD3d1_damage
5
-0.6125 0.7315
0.8825 0.7315
0.8825 0.7415
0 0.7415
-0.6125 0.7415
3.1


4
-0.6125 0.001
0.8825 0.001
0.8825 0.7415
-0.6125 0.7415

