botcenter
4
0 -0.001
0.1755 -0.001
0.1755 0.001
0 0.001

7
botleft
4
-5.2025 -0.001
0 -0.001
0 0.001
-5.2025 0.001

botright
4
0.1755 -0.001
5.378 -0.001
5.378 0.001
0.1755 0.001

c1
4
-0.06451 0.5545
0.06451 0.5545
0.07049 0.6535
-0.07049 0.6535

c2
4
0.11099 0.5545
0.24001 0.5545
0.24599 0.6535
0.10501 0.6535

topleft
4
-5.2025 0.7415
0 0.7415
0 0.8405
-5.2025 0.8405

topcenter
4
0 0.7415
0.1755 0.7415
0.1755 0.8405
0 0.8405

topright
4
0.1755 0.7415
5.378 0.7415
5.378 0.8405
0.1755 0.8405


26
FOXA+FOXB+TOX
6
-5.2025 0.001
0 0.001
0.1755 0.001
5.378 0.001
5.378 0.2665
-5.2025 0.2665
4

ILD1a
4
-5.2025 0.2665
5.378 0.2665
5.378 0.2765
-5.2025 0.2765
7

ILD1b1+ILD1b2+ILD1b3
4
-5.2025 0.2765
5.378 0.2765
5.378 0.3955
-5.2025 0.3955
4

IMD1a
4
-5.2025 0.3955
5.378 0.3955
5.378 0.4065
-5.2025 0.4065
5.2

IMD1b
4
-5.2025 0.4065
5.378 0.4065
5.378 0.4665
-5.2025 0.4665
2.8

IMD2a
4
-5.2025 0.4665
5.378 0.4665
5.378 0.4875
-5.2025 0.4875
5.2

IMD2b
4
-5.2025 0.4875
5.378 0.4875
5.378 0.5025
-5.2025 0.5025
4.2

IMD2c
4
-5.2025 0.5025
5.378 0.5025
5.378 0.5265
-5.2025 0.5265
3.28

IMD2d1
8
-5.2025 0.5265
5.378 0.5265
5.378 0.5445
0.249424 0.5445
0.101576 0.5445
0.073924 0.5445
-0.073924 0.5445
-5.2025 0.5445
2.65

IMD2d1
4
-5.2025 0.5445
-0.073924 0.5445
-0.074528 0.5545
-5.2025 0.5545
2.65

IMD2d1_damage
8
-0.073924 0.5445
0.073924 0.5445
0.074528 0.5545
0.069519 0.5545
0.06451 0.5545
-0.06451 0.5545
-0.069519 0.5545
-0.074528 0.5545
3.1

IMD2d1
4
0.073924 0.5445
0.101576 0.5445
0.100972 0.5545
0.074528 0.5545
2.65

IMD2d1_damage
8
0.101576 0.5445
0.249424 0.5445
0.250028 0.5545
0.245019 0.5545
0.24001 0.5545
0.11099 0.5545
0.105981 0.5545
0.100972 0.5545
3.1

IMD2d1
4
0.249424 0.5445
5.378 0.5445
5.378 0.5545
0.250028 0.5545
2.65

IMD2d2
5
-5.2025 0.5545
-0.074528 0.5545
-0.069519 0.5545
-0.075499 0.6535
-5.2025 0.6535
2.65

IMD2d2_damage
4
-0.069519 0.5545
-0.06451 0.5545
-0.07049 0.6535
-0.075499 0.6535
2.9

IMD2d2_damage
4
0.06451 0.5545
0.069519 0.5545
0.075499 0.6535
0.07049 0.6535
2.9

IMD2d2
6
0.069519 0.5545
0.074528 0.5545
0.100972 0.5545
0.105981 0.5545
0.100001 0.6535
0.075499 0.6535
2.65

IMD2d2_damage
4
0.105981 0.5545
0.11099 0.5545
0.10501 0.6535
0.100001 0.6535
2.9

IMD2d2_damage
4
0.24001 0.5545
0.245019 0.5545
0.250999 0.6535
0.24599 0.6535
2.9

IMD2d2
5
0.245019 0.5545
0.250028 0.5545
5.378 0.5545
5.378 0.6535
0.250999 0.6535
2.65

IMD3a
12
-5.2025 0.6535
-0.075499 0.6535
-0.07049 0.6535
0.07049 0.6535
0.075499 0.6535
0.100001 0.6535
0.10501 0.6535
0.24599 0.6535
0.250999 0.6535
5.378 0.6535
5.378 0.6745
-5.2025 0.6745
5.2

IMD3b
4
-5.2025 0.6745
5.378 0.6745
5.378 0.6895
-5.2025 0.6895
4.2

IMD3c
4
-5.2025 0.6895
5.378 0.6895
5.378 0.7135
-5.2025 0.7135
3.28

IMD3d1
4
-5.2025 0.7135
5.378 0.7135
5.378 0.7315
-5.2025 0.7315
2.65

IMD3d1_damage
6
-5.2025 0.7315
5.378 0.7315
5.378 0.7415
0.1755 0.7415
0 0.7415
-5.2025 0.7415
3.1


4
-5.2025 0.001
5.378 0.001
5.378 0.7415
-5.2025 0.7415

