c1
4
-0.01951 0.5545
0.01951 0.5545
0.02549 0.6535
-0.02549 0.6535

7
botleft
4
-0.6125 -0.001
0 -0.001
0 0.001
-0.6125 0.001

botright
4
0 -0.001
1.2875 -0.001
1.2875 0.001
0 0.001

lEnv
4
-0.10951 0.5545
-0.07049 0.5545
-0.06451 0.6535
-0.11549 0.6535

c2
4
0.47549 0.5545
0.60451 0.5545
0.61049 0.6535
0.46951 0.6535

rEnv
4
0.65549 0.5545
0.78451 0.5545
0.79049 0.6535
0.64951 0.6535

topleft
4
-0.6125 0.7415
0 0.7415
0 0.8405
-0.6125 0.8405

topright
4
0 0.7415
1.2875 0.7415
1.2875 0.8405
0 0.8405


36
FOXA+FOXB+TOX
5
-0.6125 0.001
0 0.001
1.2875 0.001
1.2875 0.2665
-0.6125 0.2665
4

ILD1a
4
-0.6125 0.2665
1.2875 0.2665
1.2875 0.2765
-0.6125 0.2765
7

ILD1b1+ILD1b2+ILD1b3
4
-0.6125 0.2765
1.2875 0.2765
1.2875 0.3955
-0.6125 0.3955
4

IMD1a
4
-0.6125 0.3955
1.2875 0.3955
1.2875 0.4065
-0.6125 0.4065
5.2

IMD1b
4
-0.6125 0.4065
1.2875 0.4065
1.2875 0.4665
-0.6125 0.4665
2.8

IMD2a
4
-0.6125 0.4665
1.2875 0.4665
1.2875 0.4875
-0.6125 0.4875
5.2

IMD2b
4
-0.6125 0.4875
1.2875 0.4875
1.2875 0.5025
-0.6125 0.5025
4.2

IMD2c
4
-0.6125 0.5025
1.2875 0.5025
1.2875 0.5265
-0.6125 0.5265
3.28

IMD2d1
12
-0.6125 0.5265
1.2875 0.5265
1.2875 0.5445
0.793924 0.5445
0.646076 0.5445
0.613924 0.5445
0.466076 0.5445
0.028924 0.5445
-0.028924 0.5445
-0.061076 0.5445
-0.118924 0.5445
-0.6125 0.5445
2.65

IMD2d1
4
-0.6125 0.5445
-0.118924 0.5445
-0.119528 0.5545
-0.6125 0.5545
2.65

IMD2d1_damage
8
-0.118924 0.5445
-0.061076 0.5445
-0.060472 0.5545
-0.065481 0.5545
-0.07049 0.5545
-0.10951 0.5545
-0.114519 0.5545
-0.119528 0.5545
3.1

IMD2d1
4
-0.061076 0.5445
-0.028924 0.5445
-0.029528 0.5545
-0.060472 0.5545
2.65

IMD2d1_damage
8
-0.028924 0.5445
0.028924 0.5445
0.029528 0.5545
0.024519 0.5545
0.01951 0.5545
-0.01951 0.5545
-0.024519 0.5545
-0.029528 0.5545
3.1

IMD2d1
4
0.028924 0.5445
0.466076 0.5445
0.465472 0.5545
0.029528 0.5545
2.65

IMD2d1_damage
8
0.466076 0.5445
0.613924 0.5445
0.614528 0.5545
0.609519 0.5545
0.60451 0.5545
0.47549 0.5545
0.470481 0.5545
0.465472 0.5545
3.1

IMD2d1
4
0.613924 0.5445
0.646076 0.5445
0.645472 0.5545
0.614528 0.5545
2.65

IMD2d1_damage
8
0.646076 0.5445
0.793924 0.5445
0.794528 0.5545
0.789519 0.5545
0.78451 0.5545
0.65549 0.5545
0.650481 0.5545
0.645472 0.5545
3.1

IMD2d1
4
0.793924 0.5445
1.2875 0.5445
1.2875 0.5545
0.794528 0.5545
2.65

IMD2d2
5
-0.6125 0.5545
-0.119528 0.5545
-0.114519 0.5545
-0.120499 0.6535
-0.6125 0.6535
2.65

IMD2d2_damage
4
-0.114519 0.5545
-0.10951 0.5545
-0.11549 0.6535
-0.120499 0.6535
2.9

IMD2d2_damage
4
-0.07049 0.5545
-0.065481 0.5545
-0.059501 0.6535
-0.06451 0.6535
2.9

IMD2d2
6
-0.065481 0.5545
-0.060472 0.5545
-0.029528 0.5545
-0.024519 0.5545
-0.030499 0.6535
-0.059501 0.6535
2.65

IMD2d2_damage
4
-0.024519 0.5545
-0.01951 0.5545
-0.02549 0.6535
-0.030499 0.6535
2.9

IMD2d2_damage
4
0.01951 0.5545
0.024519 0.5545
0.030499 0.6535
0.02549 0.6535
2.9

IMD2d2
6
0.024519 0.5545
0.029528 0.5545
0.465472 0.5545
0.470481 0.5545
0.464501 0.6535
0.030499 0.6535
2.65

IMD2d2_damage
4
0.470481 0.5545
0.47549 0.5545
0.46951 0.6535
0.464501 0.6535
2.9

IMD2d2_damage
4
0.60451 0.5545
0.609519 0.5545
0.615499 0.6535
0.61049 0.6535
2.9

IMD2d2
6
0.609519 0.5545
0.614528 0.5545
0.645472 0.5545
0.650481 0.5545
0.644501 0.6535
0.615499 0.6535
2.65

IMD2d2_damage
4
0.650481 0.5545
0.65549 0.5545
0.64951 0.6535
0.644501 0.6535
2.9

IMD2d2_damage
4
0.78451 0.5545
0.789519 0.5545
0.795499 0.6535
0.79049 0.6535
2.9

IMD2d2
5
0.789519 0.5545
0.794528 0.5545
1.2875 0.5545
1.2875 0.6535
0.795499 0.6535
2.65

IMD3a
20
-0.6125 0.6535
-0.120499 0.6535
-0.11549 0.6535
-0.06451 0.6535
-0.059501 0.6535
-0.030499 0.6535
-0.02549 0.6535
0.02549 0.6535
0.030499 0.6535
0.464501 0.6535
0.46951 0.6535
0.61049 0.6535
0.615499 0.6535
0.644501 0.6535
0.64951 0.6535
0.79049 0.6535
0.795499 0.6535
1.2875 0.6535
1.2875 0.6745
-0.6125 0.6745
5.2

IMD3b
4
-0.6125 0.6745
1.2875 0.6745
1.2875 0.6895
-0.6125 0.6895
4.2

IMD3c
4
-0.6125 0.6895
1.2875 0.6895
1.2875 0.7135
-0.6125 0.7135
3.28

IMD3d1
4
-0.6125 0.7135
1.2875 0.7135
1.2875 0.7315
-0.6125 0.7315
2.65

IMD3d1_damage
5
-0.6125 0.7315
1.2875 0.7315
1.2875 0.7415
0 0.7415
-0.6125 0.7415
3.1


4
-0.6125 0.001
1.2875 0.001
1.2875 0.7415
-0.6125 0.7415

