c1
4
-0.01951 0.5545
0.01951 0.5545
0.02549 0.6535
-0.02549 0.6535

7
botleft
4
-0.8825 -0.001
0 -0.001
0 0.001
-0.8825 0.001

botright
4
0 -0.001
1.13 -0.001
1.13 0.001
0 0.001

lEnv
4
-0.37951 0.5545
-0.34049 0.5545
-0.33451 0.6535
-0.38549 0.6535

c2
4
0.04799 0.5545
0.17701 0.5545
0.18299 0.6535
0.04201 0.6535

rEnv
4
0.49799 0.5545
0.62701 0.5545
0.63299 0.6535
0.49201 0.6535

topleft
4
-0.8825 0.7415
0 0.7415
0 0.8405
-0.8825 0.8405

topright
4
0 0.7415
1.13 0.7415
1.13 0.8405
0 0.8405


36
FOXA+FOXB+TOX
5
-0.8825 0.001
0 0.001
1.13 0.001
1.13 0.2665
-0.8825 0.2665
4

ILD1a
4
-0.8825 0.2665
1.13 0.2665
1.13 0.2765
-0.8825 0.2765
7

ILD1b1+ILD1b2+ILD1b3
4
-0.8825 0.2765
1.13 0.2765
1.13 0.3955
-0.8825 0.3955
4

IMD1a
4
-0.8825 0.3955
1.13 0.3955
1.13 0.4065
-0.8825 0.4065
5.2

IMD1b
4
-0.8825 0.4065
1.13 0.4065
1.13 0.4665
-0.8825 0.4665
2.8

IMD2a
4
-0.8825 0.4665
1.13 0.4665
1.13 0.4875
-0.8825 0.4875
5.2

IMD2b
4
-0.8825 0.4875
1.13 0.4875
1.13 0.5025
-0.8825 0.5025
4.2

IMD2c
4
-0.8825 0.5025
1.13 0.5025
1.13 0.5265
-0.8825 0.5265
3.28

IMD2d1
12
-0.8825 0.5265
1.13 0.5265
1.13 0.5445
0.636424 0.5445
0.488576 0.5445
0.186424 0.5445
0.038576 0.5445
0.028924 0.5445
-0.028924 0.5445
-0.331076 0.5445
-0.388924 0.5445
-0.8825 0.5445
2.65

IMD2d1
4
-0.8825 0.5445
-0.388924 0.5445
-0.389528 0.5545
-0.8825 0.5545
2.65

IMD2d1_damage
8
-0.388924 0.5445
-0.331076 0.5445
-0.330472 0.5545
-0.335481 0.5545
-0.34049 0.5545
-0.37951 0.5545
-0.384519 0.5545
-0.389528 0.5545
3.1

IMD2d1
4
-0.331076 0.5445
-0.028924 0.5445
-0.029528 0.5545
-0.330472 0.5545
2.65

IMD2d1_damage
8
-0.028924 0.5445
0.028924 0.5445
0.029528 0.5545
0.024519 0.5545
0.01951 0.5545
-0.01951 0.5545
-0.024519 0.5545
-0.029528 0.5545
3.1

IMD2d1
4
0.028924 0.5445
0.038576 0.5445
0.037972 0.5545
0.029528 0.5545
2.65

IMD2d1_damage
8
0.038576 0.5445
0.186424 0.5445
0.187028 0.5545
0.182019 0.5545
0.17701 0.5545
0.04799 0.5545
0.042981 0.5545
0.037972 0.5545
3.1

IMD2d1
4
0.186424 0.5445
0.488576 0.5445
0.487972 0.5545
0.187028 0.5545
2.65

IMD2d1_damage
8
0.488576 0.5445
0.636424 0.5445
0.637028 0.5545
0.632019 0.5545
0.62701 0.5545
0.49799 0.5545
0.492981 0.5545
0.487972 0.5545
3.1

IMD2d1
4
0.636424 0.5445
1.13 0.5445
1.13 0.5545
0.637028 0.5545
2.65

IMD2d2
5
-0.8825 0.5545
-0.389528 0.5545
-0.384519 0.5545
-0.390499 0.6535
-0.8825 0.6535
2.65

IMD2d2_damage
4
-0.384519 0.5545
-0.37951 0.5545
-0.38549 0.6535
-0.390499 0.6535
2.9

IMD2d2_damage
4
-0.34049 0.5545
-0.335481 0.5545
-0.329501 0.6535
-0.33451 0.6535
2.9

IMD2d2
6
-0.335481 0.5545
-0.330472 0.5545
-0.029528 0.5545
-0.024519 0.5545
-0.030499 0.6535
-0.329501 0.6535
2.65

IMD2d2_damage
4
-0.024519 0.5545
-0.01951 0.5545
-0.02549 0.6535
-0.030499 0.6535
2.9

IMD2d2_damage
4
0.01951 0.5545
0.024519 0.5545
0.030499 0.6535
0.02549 0.6535
2.9

IMD2d2
6
0.024519 0.5545
0.029528 0.5545
0.037972 0.5545
0.042981 0.5545
0.037001 0.6535
0.030499 0.6535
2.65

IMD2d2_damage
4
0.042981 0.5545
0.04799 0.5545
0.04201 0.6535
0.037001 0.6535
2.9

IMD2d2_damage
4
0.17701 0.5545
0.182019 0.5545
0.187999 0.6535
0.18299 0.6535
2.9

IMD2d2
6
0.182019 0.5545
0.187028 0.5545
0.487972 0.5545
0.492981 0.5545
0.487001 0.6535
0.187999 0.6535
2.65

IMD2d2_damage
4
0.492981 0.5545
0.49799 0.5545
0.49201 0.6535
0.487001 0.6535
2.9

IMD2d2_damage
4
0.62701 0.5545
0.632019 0.5545
0.637999 0.6535
0.63299 0.6535
2.9

IMD2d2
5
0.632019 0.5545
0.637028 0.5545
1.13 0.5545
1.13 0.6535
0.637999 0.6535
2.65

IMD3a
20
-0.8825 0.6535
-0.390499 0.6535
-0.38549 0.6535
-0.33451 0.6535
-0.329501 0.6535
-0.030499 0.6535
-0.02549 0.6535
0.02549 0.6535
0.030499 0.6535
0.037001 0.6535
0.04201 0.6535
0.18299 0.6535
0.187999 0.6535
0.487001 0.6535
0.49201 0.6535
0.63299 0.6535
0.637999 0.6535
1.13 0.6535
1.13 0.6745
-0.8825 0.6745
5.2

IMD3b
4
-0.8825 0.6745
1.13 0.6745
1.13 0.6895
-0.8825 0.6895
4.2

IMD3c
4
-0.8825 0.6895
1.13 0.6895
1.13 0.7135
-0.8825 0.7135
3.28

IMD3d1
4
-0.8825 0.7135
1.13 0.7135
1.13 0.7315
-0.8825 0.7315
2.65

IMD3d1_damage
5
-0.8825 0.7315
1.13 0.7315
1.13 0.7415
0 0.7415
-0.8825 0.7415
3.1


4
-0.8825 0.001
1.13 0.001
1.13 0.7415
-0.8825 0.7415

