botcenter
4
0 -0.001
0.495 -0.001
0.495 0.001
0 0.001

9
botleft
4
-1.895 -0.001
0 -0.001
0 0.001
-1.895 0.001

botright
4
0.495 -0.001
1.1075 -0.001
1.1075 0.001
0.495 0.001

lEnv
4
-1.39201 0.5545
-0.49799 0.5545
-0.49201 0.6535
-1.39799 0.6535

c1
4
-0.44701 0.5545
0.44701 0.5545
0.45299 0.6535
-0.45299 0.6535

c2
4
0.47549 0.5545
0.51451 0.5545
0.52049 0.6535
0.46951 0.6535

rEnv
4
0.56549 0.5545
0.60451 0.5545
0.61049 0.6535
0.55951 0.6535

topleft
4
-1.895 0.7415
0 0.7415
0 0.8405
-1.895 0.8405

topcenter
4
0 0.7415
0.495 0.7415
0.495 0.8405
0 0.8405

topright
4
0.495 0.7415
1.1075 0.7415
1.1075 0.8405
0.495 0.8405


36
FOXA+FOXB+TOX
6
-1.895 0.001
0 0.001
0.495 0.001
1.1075 0.001
1.1075 0.2665
-1.895 0.2665
4

ILD1a
4
-1.895 0.2665
1.1075 0.2665
1.1075 0.2765
-1.895 0.2765
7

ILD1b1+ILD1b2+ILD1b3
4
-1.895 0.2765
1.1075 0.2765
1.1075 0.3955
-1.895 0.3955
4

IMD1a
4
-1.895 0.3955
1.1075 0.3955
1.1075 0.4065
-1.895 0.4065
5.2

IMD1b
4
-1.895 0.4065
1.1075 0.4065
1.1075 0.4665
-1.895 0.4665
2.8

IMD2a
4
-1.895 0.4665
1.1075 0.4665
1.1075 0.4875
-1.895 0.4875
5.2

IMD2b
4
-1.895 0.4875
1.1075 0.4875
1.1075 0.5025
-1.895 0.5025
4.2

IMD2c
4
-1.895 0.5025
1.1075 0.5025
1.1075 0.5265
-1.895 0.5265
3.28

IMD2d1
12
-1.895 0.5265
1.1075 0.5265
1.1075 0.5445
0.613924 0.5445
0.556076 0.5445
0.523924 0.5445
0.466076 0.5445
0.456424 0.5445
-0.456424 0.5445
-0.488576 0.5445
-1.401424 0.5445
-1.895 0.5445
2.65

IMD2d1
4
-1.895 0.5445
-1.401424 0.5445
-1.402028 0.5545
-1.895 0.5545
2.65

IMD2d1_damage
8
-1.401424 0.5445
-0.488576 0.5445
-0.487972 0.5545
-0.492981 0.5545
-0.49799 0.5545
-1.39201 0.5545
-1.397019 0.5545
-1.402028 0.5545
3.1

IMD2d1
4
-0.488576 0.5445
-0.456424 0.5445
-0.457028 0.5545
-0.487972 0.5545
2.65

IMD2d1_damage
8
-0.456424 0.5445
0.456424 0.5445
0.457028 0.5545
0.452019 0.5545
0.44701 0.5545
-0.44701 0.5545
-0.452019 0.5545
-0.457028 0.5545
3.1

IMD2d1
4
0.456424 0.5445
0.466076 0.5445
0.465472 0.5545
0.457028 0.5545
2.65

IMD2d1_damage
8
0.466076 0.5445
0.523924 0.5445
0.524528 0.5545
0.519519 0.5545
0.51451 0.5545
0.47549 0.5545
0.470481 0.5545
0.465472 0.5545
3.1

IMD2d1
4
0.523924 0.5445
0.556076 0.5445
0.555472 0.5545
0.524528 0.5545
2.65

IMD2d1_damage
8
0.556076 0.5445
0.613924 0.5445
0.614528 0.5545
0.609519 0.5545
0.60451 0.5545
0.56549 0.5545
0.560481 0.5545
0.555472 0.5545
3.1

IMD2d1
4
0.613924 0.5445
1.1075 0.5445
1.1075 0.5545
0.614528 0.5545
2.65

IMD2d2
5
-1.895 0.5545
-1.402028 0.5545
-1.397019 0.5545
-1.402999 0.6535
-1.895 0.6535
2.65

IMD2d2_damage
4
-1.397019 0.5545
-1.39201 0.5545
-1.39799 0.6535
-1.402999 0.6535
2.9

IMD2d2_damage
4
-0.49799 0.5545
-0.492981 0.5545
-0.487001 0.6535
-0.49201 0.6535
2.9

IMD2d2
6
-0.492981 0.5545
-0.487972 0.5545
-0.457028 0.5545
-0.452019 0.5545
-0.457999 0.6535
-0.487001 0.6535
2.65

IMD2d2_damage
4
-0.452019 0.5545
-0.44701 0.5545
-0.45299 0.6535
-0.457999 0.6535
2.9

IMD2d2_damage
4
0.44701 0.5545
0.452019 0.5545
0.457999 0.6535
0.45299 0.6535
2.9

IMD2d2
6
0.452019 0.5545
0.457028 0.5545
0.465472 0.5545
0.470481 0.5545
0.464501 0.6535
0.457999 0.6535
2.65

IMD2d2_damage
4
0.470481 0.5545
0.47549 0.5545
0.46951 0.6535
0.464501 0.6535
2.9

IMD2d2_damage
4
0.51451 0.5545
0.519519 0.5545
0.525499 0.6535
0.52049 0.6535
2.9

IMD2d2
6
0.519519 0.5545
0.524528 0.5545
0.555472 0.5545
0.560481 0.5545
0.554501 0.6535
0.525499 0.6535
2.65

IMD2d2_damage
4
0.560481 0.5545
0.56549 0.5545
0.55951 0.6535
0.554501 0.6535
2.9

IMD2d2_damage
4
0.60451 0.5545
0.609519 0.5545
0.615499 0.6535
0.61049 0.6535
2.9

IMD2d2
5
0.609519 0.5545
0.614528 0.5545
1.1075 0.5545
1.1075 0.6535
0.615499 0.6535
2.65

IMD3a
20
-1.895 0.6535
-1.402999 0.6535
-1.39799 0.6535
-0.49201 0.6535
-0.487001 0.6535
-0.457999 0.6535
-0.45299 0.6535
0.45299 0.6535
0.457999 0.6535
0.464501 0.6535
0.46951 0.6535
0.52049 0.6535
0.525499 0.6535
0.554501 0.6535
0.55951 0.6535
0.61049 0.6535
0.615499 0.6535
1.1075 0.6535
1.1075 0.6745
-1.895 0.6745
5.2

IMD3b
4
-1.895 0.6745
1.1075 0.6745
1.1075 0.6895
-1.895 0.6895
4.2

IMD3c
4
-1.895 0.6895
1.1075 0.6895
1.1075 0.7135
-1.895 0.7135
3.28

IMD3d1
4
-1.895 0.7135
1.1075 0.7135
1.1075 0.7315
-1.895 0.7315
2.65

IMD3d1_damage
6
-1.895 0.7315
1.1075 0.7315
1.1075 0.7415
0.495 0.7415
0 0.7415
-1.895 0.7415
3.1


4
-1.895 0.001
1.1075 0.001
1.1075 0.7415
-1.895 0.7415

