c1
4
-0.06451 0.5545
0.06451 0.5545
0.07049 0.6535
-0.07049 0.6535

7
botleft
4
-1.0175 -0.001
0 -0.001
0 0.001
-1.0175 0.001

botright
4
0 -0.001
1.9625 -0.001
1.9625 0.001
0 0.001

lEnv
4
-0.51451 0.5545
-0.38549 0.5545
-0.37951 0.6535
-0.52049 0.6535

c2
4
0.88049 0.5545
1.00951 0.5545
1.01549 0.6535
0.87451 0.6535

rEnv
4
1.33049 0.5545
1.45951 0.5545
1.46549 0.6535
1.32451 0.6535

topleft
4
-1.0175 0.7415
0 0.7415
0 0.8405
-1.0175 0.8405

topright
4
0 0.7415
1.9625 0.7415
1.9625 0.8405
0 0.8405


36
FOXA+FOXB+TOX
5
-1.0175 0.001
0 0.001
1.9625 0.001
1.9625 0.2665
-1.0175 0.2665
4

ILD1a
4
-1.0175 0.2665
1.9625 0.2665
1.9625 0.2765
-1.0175 0.2765
7

ILD1b1+ILD1b2+ILD1b3
4
-1.0175 0.2765
1.9625 0.2765
1.9625 0.3955
-1.0175 0.3955
4

IMD1a
4
-1.0175 0.3955
1.9625 0.3955
1.9625 0.4065
-1.0175 0.4065
5.2

IMD1b
4
-1.0175 0.4065
1.9625 0.4065
1.9625 0.4665
-1.0175 0.4665
2.8

IMD2a
4
-1.0175 0.4665
1.9625 0.4665
1.9625 0.4875
-1.0175 0.4875
5.2

IMD2b
4
-1.0175 0.4875
1.9625 0.4875
1.9625 0.5025
-1.0175 0.5025
4.2

IMD2c
4
-1.0175 0.5025
1.9625 0.5025
1.9625 0.5265
-1.0175 0.5265
3.28

IMD2d1
12
-1.0175 0.5265
1.9625 0.5265
1.9625 0.5445
1.468924 0.5445
1.321076 0.5445
1.018924 0.5445
0.871076 0.5445
0.073924 0.5445
-0.073924 0.5445
-0.376076 0.5445
-0.523924 0.5445
-1.0175 0.5445
2.65

IMD2d1
4
-1.0175 0.5445
-0.523924 0.5445
-0.524528 0.5545
-1.0175 0.5545
2.65

IMD2d1_damage
8
-0.523924 0.5445
-0.376076 0.5445
-0.375472 0.5545
-0.380481 0.5545
-0.38549 0.5545
-0.51451 0.5545
-0.519519 0.5545
-0.524528 0.5545
3.1

IMD2d1
4
-0.376076 0.5445
-0.073924 0.5445
-0.074528 0.5545
-0.375472 0.5545
2.65

IMD2d1_damage
8
-0.073924 0.5445
0.073924 0.5445
0.074528 0.5545
0.069519 0.5545
0.06451 0.5545
-0.06451 0.5545
-0.069519 0.5545
-0.074528 0.5545
3.1

IMD2d1
4
0.073924 0.5445
0.871076 0.5445
0.870472 0.5545
0.074528 0.5545
2.65

IMD2d1_damage
8
0.871076 0.5445
1.018924 0.5445
1.019528 0.5545
1.014519 0.5545
1.00951 0.5545
0.88049 0.5545
0.875481 0.5545
0.870472 0.5545
3.1

IMD2d1
4
1.018924 0.5445
1.321076 0.5445
1.320472 0.5545
1.019528 0.5545
2.65

IMD2d1_damage
8
1.321076 0.5445
1.468924 0.5445
1.469528 0.5545
1.464519 0.5545
1.45951 0.5545
1.33049 0.5545
1.325481 0.5545
1.320472 0.5545
3.1

IMD2d1
4
1.468924 0.5445
1.9625 0.5445
1.9625 0.5545
1.469528 0.5545
2.65

IMD2d2
5
-1.0175 0.5545
-0.524528 0.5545
-0.519519 0.5545
-0.525499 0.6535
-1.0175 0.6535
2.65

IMD2d2_damage
4
-0.519519 0.5545
-0.51451 0.5545
-0.52049 0.6535
-0.525499 0.6535
2.9

IMD2d2_damage
4
-0.38549 0.5545
-0.380481 0.5545
-0.374501 0.6535
-0.37951 0.6535
2.9

IMD2d2
6
-0.380481 0.5545
-0.375472 0.5545
-0.074528 0.5545
-0.069519 0.5545
-0.075499 0.6535
-0.374501 0.6535
2.65

IMD2d2_damage
4
-0.069519 0.5545
-0.06451 0.5545
-0.07049 0.6535
-0.075499 0.6535
2.9

IMD2d2_damage
4
0.06451 0.5545
0.069519 0.5545
0.075499 0.6535
0.07049 0.6535
2.9

IMD2d2
6
0.069519 0.5545
0.074528 0.5545
0.870472 0.5545
0.875481 0.5545
0.869501 0.6535
0.075499 0.6535
2.65

IMD2d2_damage
4
0.875481 0.5545
0.88049 0.5545
0.87451 0.6535
0.869501 0.6535
2.9

IMD2d2_damage
4
1.00951 0.5545
1.014519 0.5545
1.020499 0.6535
1.01549 0.6535
2.9

IMD2d2
6
1.014519 0.5545
1.019528 0.5545
1.320472 0.5545
1.325481 0.5545
1.319501 0.6535
1.020499 0.6535
2.65

IMD2d2_damage
4
1.325481 0.5545
1.33049 0.5545
1.32451 0.6535
1.319501 0.6535
2.9

IMD2d2_damage
4
1.45951 0.5545
1.464519 0.5545
1.470499 0.6535
1.46549 0.6535
2.9

IMD2d2
5
1.464519 0.5545
1.469528 0.5545
1.9625 0.5545
1.9625 0.6535
1.470499 0.6535
2.65

IMD3a
20
-1.0175 0.6535
-0.525499 0.6535
-0.52049 0.6535
-0.37951 0.6535
-0.374501 0.6535
-0.075499 0.6535
-0.07049 0.6535
0.07049 0.6535
0.075499 0.6535
0.869501 0.6535
0.87451 0.6535
1.01549 0.6535
1.020499 0.6535
1.319501 0.6535
1.32451 0.6535
1.46549 0.6535
1.470499 0.6535
1.9625 0.6535
1.9625 0.6745
-1.0175 0.6745
5.2

IMD3b
4
-1.0175 0.6745
1.9625 0.6745
1.9625 0.6895
-1.0175 0.6895
4.2

IMD3c
4
-1.0175 0.6895
1.9625 0.6895
1.9625 0.7135
-1.0175 0.7135
3.28

IMD3d1
4
-1.0175 0.7135
1.9625 0.7135
1.9625 0.7315
-1.0175 0.7315
2.65

IMD3d1_damage
5
-1.0175 0.7315
1.9625 0.7315
1.9625 0.7415
0 0.7415
-1.0175 0.7415
3.1


4
-1.0175 0.001
1.9625 0.001
1.9625 0.7415
-1.0175 0.7415

