c1
4
-0.06451 0.5545
0.06451 0.5545
0.07049 0.6535
-0.07049 0.6535

7
botleft
4
-0.7475 -0.001
0 -0.001
0 0.001
-0.7475 0.001

botright
4
0 -0.001
1.0175 -0.001
1.0175 0.001
0 0.001

lEnv
4
-0.24451 0.5545
-0.11549 0.5545
-0.10951 0.6535
-0.25049 0.6535

c2
4
0.20549 0.5545
0.33451 0.5545
0.34049 0.6535
0.19951 0.6535

rEnv
4
0.38549 0.5545
0.51451 0.5545
0.52049 0.6535
0.37951 0.6535

topleft
4
-0.7475 0.7415
0 0.7415
0 0.8405
-0.7475 0.8405

topright
4
0 0.7415
1.0175 0.7415
1.0175 0.8405
0 0.8405


37
FOXA+FOXB+TOX
6
-0.7476 0.001
-0.7475 0.001
0 0.001
1.0175 0.001
1.0175 0.2665
-0.7476 0.2665
4

ILD1a
4
-0.7476 0.2665
1.0175 0.2665
1.0175 0.2765
-0.7476 0.2765
7

ILD1b1+ILD1b2+ILD1b3
4
-0.7476 0.2765
1.0175 0.2765
1.0175 0.3955
-0.7476 0.3955
4

IMD1a
4
-0.7476 0.3955
1.0175 0.3955
1.0175 0.4065
-0.7476 0.4065
5.2

IMD1b
4
-0.7476 0.4065
1.0175 0.4065
1.0175 0.4665
-0.7476 0.4665
2.8

IMD2a
4
-0.7476 0.4665
1.0175 0.4665
1.0175 0.4875
-0.7476 0.4875
5.2

IMD2b
4
-0.7476 0.4875
1.0175 0.4875
1.0175 0.5025
-0.7476 0.5025
4.2

IMD2c
4
-0.7476 0.5025
1.0175 0.5025
1.0175 0.5265
-0.7476 0.5265
3.28

IMD2d1
12
-0.7476 0.5265
1.0175 0.5265
1.0175 0.5445
0.523924 0.5445
0.376076 0.5445
0.343924 0.5445
0.196076 0.5445
0.073924 0.5445
-0.073924 0.5445
-0.106076 0.5445
-0.253924 0.5445
-0.7476 0.5445
2.65

IMD2d1
4
-0.7476 0.5445
-0.253924 0.5445
-0.254528 0.5545
-0.7476 0.5545
2.65

IMD2d1_damage
8
-0.253924 0.5445
-0.106076 0.5445
-0.105472 0.5545
-0.110481 0.5545
-0.11549 0.5545
-0.24451 0.5545
-0.249519 0.5545
-0.254528 0.5545
3.1

IMD2d1
4
-0.106076 0.5445
-0.073924 0.5445
-0.074528 0.5545
-0.105472 0.5545
2.65

IMD2d1_damage
8
-0.073924 0.5445
0.073924 0.5445
0.074528 0.5545
0.069519 0.5545
0.06451 0.5545
-0.06451 0.5545
-0.069519 0.5545
-0.074528 0.5545
3.1

IMD2d1
4
0.073924 0.5445
0.196076 0.5445
0.195472 0.5545
0.074528 0.5545
2.65

IMD2d1_damage
8
0.196076 0.5445
0.343924 0.5445
0.344528 0.5545
0.339519 0.5545
0.33451 0.5545
0.20549 0.5545
0.200481 0.5545
0.195472 0.5545
3.1

IMD2d1
4
0.343924 0.5445
0.376076 0.5445
0.375472 0.5545
0.344528 0.5545
2.65

IMD2d1_damage
8
0.376076 0.5445
0.523924 0.5445
0.524528 0.5545
0.519519 0.5545
0.51451 0.5545
0.38549 0.5545
0.380481 0.5545
0.375472 0.5545
3.1

IMD2d1
4
0.523924 0.5445
1.0175 0.5445
1.0175 0.5545
0.524528 0.5545
2.65

IMD2d2
5
-0.7476 0.5545
-0.254528 0.5545
-0.249519 0.5545
-0.255499 0.6535
-0.7476 0.6535
2.65

IMD2d2_damage
4
-0.249519 0.5545
-0.24451 0.5545
-0.25049 0.6535
-0.255499 0.6535
2.9

IMD2d2_damage
4
-0.11549 0.5545
-0.110481 0.5545
-0.104501 0.6535
-0.10951 0.6535
2.9

IMD2d2
6
-0.110481 0.5545
-0.105472 0.5545
-0.074528 0.5545
-0.069519 0.5545
-0.075499 0.6535
-0.104501 0.6535
2.65

IMD2d2_damage
4
-0.069519 0.5545
-0.06451 0.5545
-0.07049 0.6535
-0.075499 0.6535
2.9

IMD2d2_damage
4
0.06451 0.5545
0.069519 0.5545
0.075499 0.6535
0.07049 0.6535
2.9

IMD2d2
6
0.069519 0.5545
0.074528 0.5545
0.195472 0.5545
0.200481 0.5545
0.194501 0.6535
0.075499 0.6535
2.65

IMD2d2_damage
4
0.200481 0.5545
0.20549 0.5545
0.19951 0.6535
0.194501 0.6535
2.9

IMD2d2_damage
4
0.33451 0.5545
0.339519 0.5545
0.345499 0.6535
0.34049 0.6535
2.9

IMD2d2
6
0.339519 0.5545
0.344528 0.5545
0.375472 0.5545
0.380481 0.5545
0.374501 0.6535
0.345499 0.6535
2.65

IMD2d2_damage
4
0.380481 0.5545
0.38549 0.5545
0.37951 0.6535
0.374501 0.6535
2.9

IMD2d2_damage
4
0.51451 0.5545
0.519519 0.5545
0.525499 0.6535
0.52049 0.6535
2.9

IMD2d2
5
0.519519 0.5545
0.524528 0.5545
1.0175 0.5545
1.0175 0.6535
0.525499 0.6535
2.65

IMD3a
20
-0.7476 0.6535
-0.255499 0.6535
-0.25049 0.6535
-0.10951 0.6535
-0.104501 0.6535
-0.075499 0.6535
-0.07049 0.6535
0.07049 0.6535
0.075499 0.6535
0.194501 0.6535
0.19951 0.6535
0.34049 0.6535
0.345499 0.6535
0.374501 0.6535
0.37951 0.6535
0.52049 0.6535
0.525499 0.6535
1.0175 0.6535
1.0175 0.6745
-0.7476 0.6745
5.2

IMD3b
4
-0.7476 0.6745
1.0175 0.6745
1.0175 0.6895
-0.7476 0.6895
4.2

IMD3c
4
-0.7476 0.6895
1.0175 0.6895
1.0175 0.7135
-0.7476 0.7135
3.28

IMD3d1
5
-0.7476 0.7135
1.0175 0.7135
1.0175 0.7315
-0.7475 0.7315
-0.7476 0.7315
2.65

IMD3d1
4
-0.7476 0.7315
-0.7475 0.7315
-0.7475 0.7415
-0.7476 0.7415
2.65

IMD3d1_damage
5
-0.7475 0.7315
1.0175 0.7315
1.0175 0.7415
0 0.7415
-0.7475 0.7415
3.1


4
-0.7476 0.001
1.0175 0.001
1.0175 0.7415
-0.7476 0.7415

