c1
4
-0.01951 0.5545
0.01951 0.5545
0.02549 0.6535
-0.02549 0.6535

7
botleft
4
-0.6125 -0.001
0 -0.001
0 0.001
-0.6125 0.001

botright
4
0 -0.001
2.9975 -0.001
2.9975 0.001
0 0.001

lEnv
4
-0.10951 0.5545
-0.07049 0.5545
-0.06451 0.6535
-0.11549 0.6535

c2
4
0.65549 0.5545
1.54951 0.5545
1.55549 0.6535
0.64951 0.6535

rEnv
4
1.60049 0.5545
2.49451 0.5545
2.50049 0.6535
1.59451 0.6535

topleft
4
-0.6125 0.7415
0 0.7415
0 0.8405
-0.6125 0.8405

topright
4
0 0.7415
2.9975 0.7415
2.9975 0.8405
0 0.8405


36
FOXA+FOXB+TOX
5
-0.6125 0.001
0 0.001
2.9975 0.001
2.9975 0.2665
-0.6125 0.2665
4

ILD1a
4
-0.6125 0.2665
2.9975 0.2665
2.9975 0.2765
-0.6125 0.2765
7

ILD1b1+ILD1b2+ILD1b3
4
-0.6125 0.2765
2.9975 0.2765
2.9975 0.3955
-0.6125 0.3955
4

IMD1a
4
-0.6125 0.3955
2.9975 0.3955
2.9975 0.4065
-0.6125 0.4065
5.2

IMD1b
4
-0.6125 0.4065
2.9975 0.4065
2.9975 0.4665
-0.6125 0.4665
2.8

IMD2a
4
-0.6125 0.4665
2.9975 0.4665
2.9975 0.4875
-0.6125 0.4875
5.2

IMD2b
4
-0.6125 0.4875
2.9975 0.4875
2.9975 0.5025
-0.6125 0.5025
4.2

IMD2c
4
-0.6125 0.5025
2.9975 0.5025
2.9975 0.5265
-0.6125 0.5265
3.28

IMD2d1
12
-0.6125 0.5265
2.9975 0.5265
2.9975 0.5445
2.503924 0.5445
1.591076 0.5445
1.558924 0.5445
0.646076 0.5445
0.028924 0.5445
-0.028924 0.5445
-0.061076 0.5445
-0.118924 0.5445
-0.6125 0.5445
2.65

IMD2d1
4
-0.6125 0.5445
-0.118924 0.5445
-0.119528 0.5545
-0.6125 0.5545
2.65

IMD2d1_damage
8
-0.118924 0.5445
-0.061076 0.5445
-0.060472 0.5545
-0.065481 0.5545
-0.07049 0.5545
-0.10951 0.5545
-0.114519 0.5545
-0.119528 0.5545
3.1

IMD2d1
4
-0.061076 0.5445
-0.028924 0.5445
-0.029528 0.5545
-0.060472 0.5545
2.65

IMD2d1_damage
8
-0.028924 0.5445
0.028924 0.5445
0.029528 0.5545
0.024519 0.5545
0.01951 0.5545
-0.01951 0.5545
-0.024519 0.5545
-0.029528 0.5545
3.1

IMD2d1
4
0.028924 0.5445
0.646076 0.5445
0.645472 0.5545
0.029528 0.5545
2.65

IMD2d1_damage
8
0.646076 0.5445
1.558924 0.5445
1.559528 0.5545
1.554519 0.5545
1.54951 0.5545
0.65549 0.5545
0.650481 0.5545
0.645472 0.5545
3.1

IMD2d1
4
1.558924 0.5445
1.591076 0.5445
1.590472 0.5545
1.559528 0.5545
2.65

IMD2d1_damage
8
1.591076 0.5445
2.503924 0.5445
2.504528 0.5545
2.499519 0.5545
2.49451 0.5545
1.60049 0.5545
1.595481 0.5545
1.590472 0.5545
3.1

IMD2d1
4
2.503924 0.5445
2.9975 0.5445
2.9975 0.5545
2.504528 0.5545
2.65

IMD2d2
5
-0.6125 0.5545
-0.119528 0.5545
-0.114519 0.5545
-0.120499 0.6535
-0.6125 0.6535
2.65

IMD2d2_damage
4
-0.114519 0.5545
-0.10951 0.5545
-0.11549 0.6535
-0.120499 0.6535
2.9

IMD2d2_damage
4
-0.07049 0.5545
-0.065481 0.5545
-0.059501 0.6535
-0.06451 0.6535
2.9

IMD2d2
6
-0.065481 0.5545
-0.060472 0.5545
-0.029528 0.5545
-0.024519 0.5545
-0.030499 0.6535
-0.059501 0.6535
2.65

IMD2d2_damage
4
-0.024519 0.5545
-0.01951 0.5545
-0.02549 0.6535
-0.030499 0.6535
2.9

IMD2d2_damage
4
0.01951 0.5545
0.024519 0.5545
0.030499 0.6535
0.02549 0.6535
2.9

IMD2d2
6
0.024519 0.5545
0.029528 0.5545
0.645472 0.5545
0.650481 0.5545
0.644501 0.6535
0.030499 0.6535
2.65

IMD2d2_damage
4
0.650481 0.5545
0.65549 0.5545
0.64951 0.6535
0.644501 0.6535
2.9

IMD2d2_damage
4
1.54951 0.5545
1.554519 0.5545
1.560499 0.6535
1.55549 0.6535
2.9

IMD2d2
6
1.554519 0.5545
1.559528 0.5545
1.590472 0.5545
1.595481 0.5545
1.589501 0.6535
1.560499 0.6535
2.65

IMD2d2_damage
4
1.595481 0.5545
1.60049 0.5545
1.59451 0.6535
1.589501 0.6535
2.9

IMD2d2_damage
4
2.49451 0.5545
2.499519 0.5545
2.505499 0.6535
2.50049 0.6535
2.9

IMD2d2
5
2.499519 0.5545
2.504528 0.5545
2.9975 0.5545
2.9975 0.6535
2.505499 0.6535
2.65

IMD3a
20
-0.6125 0.6535
-0.120499 0.6535
-0.11549 0.6535
-0.06451 0.6535
-0.059501 0.6535
-0.030499 0.6535
-0.02549 0.6535
0.02549 0.6535
0.030499 0.6535
0.644501 0.6535
0.64951 0.6535
1.55549 0.6535
1.560499 0.6535
1.589501 0.6535
1.59451 0.6535
2.50049 0.6535
2.505499 0.6535
2.9975 0.6535
2.9975 0.6745
-0.6125 0.6745
5.2

IMD3b
4
-0.6125 0.6745
2.9975 0.6745
2.9975 0.6895
-0.6125 0.6895
4.2

IMD3c
4
-0.6125 0.6895
2.9975 0.6895
2.9975 0.7135
-0.6125 0.7135
3.28

IMD3d1
4
-0.6125 0.7135
2.9975 0.7135
2.9975 0.7315
-0.6125 0.7315
2.65

IMD3d1_damage
5
-0.6125 0.7315
2.9975 0.7315
2.9975 0.7415
0 0.7415
-0.6125 0.7415
3.1


4
-0.6125 0.001
2.9975 0.001
2.9975 0.7415
-0.6125 0.7415

