botcenter
4
0 -0.001
0.558 -0.001
0.558 0.001
0 0.001

9
botleft
4
-0.7475 -0.001
0 -0.001
0 0.001
-0.7475 0.001

botright
4
0.558 -0.001
2.453 -0.001
2.453 0.001
0.558 0.001

lEnv
4
-0.24451 0.5545
-0.11549 0.5545
-0.10951 0.6535
-0.25049 0.6535

c1
4
-0.06451 0.5545
0.06451 0.5545
0.07049 0.6535
-0.07049 0.6535

c2
4
0.11099 0.5545
1.00501 0.5545
1.01099 0.6535
0.10501 0.6535

rEnv
4
1.05599 0.5545
1.95001 0.5545
1.95599 0.6535
1.05001 0.6535

topleft
4
-0.7475 0.7415
0 0.7415
0 0.8405
-0.7475 0.8405

topcenter
4
0 0.7415
0.558 0.7415
0.558 0.8405
0 0.8405

topright
4
0.558 0.7415
2.453 0.7415
2.453 0.8405
0.558 0.8405


37
FOXA+FOXB+TOX
7
-0.7476 0.001
-0.7475 0.001
0 0.001
0.558 0.001
2.453 0.001
2.453 0.2665
-0.7476 0.2665
4

ILD1a
4
-0.7476 0.2665
2.453 0.2665
2.453 0.2765
-0.7476 0.2765
7

ILD1b1+ILD1b2+ILD1b3
4
-0.7476 0.2765
2.453 0.2765
2.453 0.3955
-0.7476 0.3955
4

IMD1a
4
-0.7476 0.3955
2.453 0.3955
2.453 0.4065
-0.7476 0.4065
5.2

IMD1b
4
-0.7476 0.4065
2.453 0.4065
2.453 0.4665
-0.7476 0.4665
2.8

IMD2a
4
-0.7476 0.4665
2.453 0.4665
2.453 0.4875
-0.7476 0.4875
5.2

IMD2b
4
-0.7476 0.4875
2.453 0.4875
2.453 0.5025
-0.7476 0.5025
4.2

IMD2c
4
-0.7476 0.5025
2.453 0.5025
2.453 0.5265
-0.7476 0.5265
3.28

IMD2d1
12
-0.7476 0.5265
2.453 0.5265
2.453 0.5445
1.959424 0.5445
1.046576 0.5445
1.014424 0.5445
0.101576 0.5445
0.073924 0.5445
-0.073924 0.5445
-0.106076 0.5445
-0.253924 0.5445
-0.7476 0.5445
2.65

IMD2d1
4
-0.7476 0.5445
-0.253924 0.5445
-0.254528 0.5545
-0.7476 0.5545
2.65

IMD2d1_damage
8
-0.253924 0.5445
-0.106076 0.5445
-0.105472 0.5545
-0.110481 0.5545
-0.11549 0.5545
-0.24451 0.5545
-0.249519 0.5545
-0.254528 0.5545
3.1

IMD2d1
4
-0.106076 0.5445
-0.073924 0.5445
-0.074528 0.5545
-0.105472 0.5545
2.65

IMD2d1_damage
8
-0.073924 0.5445
0.073924 0.5445
0.074528 0.5545
0.069519 0.5545
0.06451 0.5545
-0.06451 0.5545
-0.069519 0.5545
-0.074528 0.5545
3.1

IMD2d1
4
0.073924 0.5445
0.101576 0.5445
0.100972 0.5545
0.074528 0.5545
2.65

IMD2d1_damage
8
0.101576 0.5445
1.014424 0.5445
1.015028 0.5545
1.010019 0.5545
1.00501 0.5545
0.11099 0.5545
0.105981 0.5545
0.100972 0.5545
3.1

IMD2d1
4
1.014424 0.5445
1.046576 0.5445
1.045972 0.5545
1.015028 0.5545
2.65

IMD2d1_damage
8
1.046576 0.5445
1.959424 0.5445
1.960028 0.5545
1.955019 0.5545
1.95001 0.5545
1.05599 0.5545
1.050981 0.5545
1.045972 0.5545
3.1

IMD2d1
4
1.959424 0.5445
2.453 0.5445
2.453 0.5545
1.960028 0.5545
2.65

IMD2d2
5
-0.7476 0.5545
-0.254528 0.5545
-0.249519 0.5545
-0.255499 0.6535
-0.7476 0.6535
2.65

IMD2d2_damage
4
-0.249519 0.5545
-0.24451 0.5545
-0.25049 0.6535
-0.255499 0.6535
2.9

IMD2d2_damage
4
-0.11549 0.5545
-0.110481 0.5545
-0.104501 0.6535
-0.10951 0.6535
2.9

IMD2d2
6
-0.110481 0.5545
-0.105472 0.5545
-0.074528 0.5545
-0.069519 0.5545
-0.075499 0.6535
-0.104501 0.6535
2.65

IMD2d2_damage
4
-0.069519 0.5545
-0.06451 0.5545
-0.07049 0.6535
-0.075499 0.6535
2.9

IMD2d2_damage
4
0.06451 0.5545
0.069519 0.5545
0.075499 0.6535
0.07049 0.6535
2.9

IMD2d2
6
0.069519 0.5545
0.074528 0.5545
0.100972 0.5545
0.105981 0.5545
0.100001 0.6535
0.075499 0.6535
2.65

IMD2d2_damage
4
0.105981 0.5545
0.11099 0.5545
0.10501 0.6535
0.100001 0.6535
2.9

IMD2d2_damage
4
1.00501 0.5545
1.010019 0.5545
1.015999 0.6535
1.01099 0.6535
2.9

IMD2d2
6
1.010019 0.5545
1.015028 0.5545
1.045972 0.5545
1.050981 0.5545
1.045001 0.6535
1.015999 0.6535
2.65

IMD2d2_damage
4
1.050981 0.5545
1.05599 0.5545
1.05001 0.6535
1.045001 0.6535
2.9

IMD2d2_damage
4
1.95001 0.5545
1.955019 0.5545
1.960999 0.6535
1.95599 0.6535
2.9

IMD2d2
5
1.955019 0.5545
1.960028 0.5545
2.453 0.5545
2.453 0.6535
1.960999 0.6535
2.65

IMD3a
20
-0.7476 0.6535
-0.255499 0.6535
-0.25049 0.6535
-0.10951 0.6535
-0.104501 0.6535
-0.075499 0.6535
-0.07049 0.6535
0.07049 0.6535
0.075499 0.6535
0.100001 0.6535
0.10501 0.6535
1.01099 0.6535
1.015999 0.6535
1.045001 0.6535
1.05001 0.6535
1.95599 0.6535
1.960999 0.6535
2.453 0.6535
2.453 0.6745
-0.7476 0.6745
5.2

IMD3b
4
-0.7476 0.6745
2.453 0.6745
2.453 0.6895
-0.7476 0.6895
4.2

IMD3c
4
-0.7476 0.6895
2.453 0.6895
2.453 0.7135
-0.7476 0.7135
3.28

IMD3d1
5
-0.7476 0.7135
2.453 0.7135
2.453 0.7315
-0.7475 0.7315
-0.7476 0.7315
2.65

IMD3d1
4
-0.7476 0.7315
-0.7475 0.7315
-0.7475 0.7415
-0.7476 0.7415
2.65

IMD3d1_damage
6
-0.7475 0.7315
2.453 0.7315
2.453 0.7415
0.558 0.7415
0 0.7415
-0.7475 0.7415
3.1


4
-0.7476 0.001
2.453 0.001
2.453 0.7415
-0.7476 0.7415

