c1
4
-0.44701 0.5545
0.44701 0.5545
0.45299 0.6535
-0.45299 0.6535

5
botleft
4
-6.35 -0.001
0 -0.001
0 0.001
-6.35 0.001

botright
4
0 -0.001
5.63 -0.001
5.63 0.001
0 0.001

c2
4
0.54299 0.5545
0.58201 0.5545
0.58799 0.6535
0.53701 0.6535

topleft
4
-6.35 0.7415
0 0.7415
0 0.8405
-6.35 0.8405

topright
4
0 0.7415
5.63 0.7415
5.63 0.8405
0 0.8405


26
FOXA+FOXB+TOX
5
-6.35 0.001
0 0.001
5.63 0.001
5.63 0.2665
-6.35 0.2665
4

ILD1a
4
-6.35 0.2665
5.63 0.2665
5.63 0.2765
-6.35 0.2765
7

ILD1b1+ILD1b2+ILD1b3
4
-6.35 0.2765
5.63 0.2765
5.63 0.3955
-6.35 0.3955
4

IMD1a
4
-6.35 0.3955
5.63 0.3955
5.63 0.4065
-6.35 0.4065
5.2

IMD1b
4
-6.35 0.4065
5.63 0.4065
5.63 0.4665
-6.35 0.4665
2.8

IMD2a
4
-6.35 0.4665
5.63 0.4665
5.63 0.4875
-6.35 0.4875
5.2

IMD2b
4
-6.35 0.4875
5.63 0.4875
5.63 0.5025
-6.35 0.5025
4.2

IMD2c
4
-6.35 0.5025
5.63 0.5025
5.63 0.5265
-6.35 0.5265
3.28

IMD2d1
8
-6.35 0.5265
5.63 0.5265
5.63 0.5445
0.591424 0.5445
0.533576 0.5445
0.456424 0.5445
-0.456424 0.5445
-6.35 0.5445
2.65

IMD2d1
4
-6.35 0.5445
-0.456424 0.5445
-0.457028 0.5545
-6.35 0.5545
2.65

IMD2d1_damage
8
-0.456424 0.5445
0.456424 0.5445
0.457028 0.5545
0.452019 0.5545
0.44701 0.5545
-0.44701 0.5545
-0.452019 0.5545
-0.457028 0.5545
3.1

IMD2d1
4
0.456424 0.5445
0.533576 0.5445
0.532972 0.5545
0.457028 0.5545
2.65

IMD2d1_damage
8
0.533576 0.5445
0.591424 0.5445
0.592028 0.5545
0.587019 0.5545
0.58201 0.5545
0.54299 0.5545
0.537981 0.5545
0.532972 0.5545
3.1

IMD2d1
4
0.591424 0.5445
5.63 0.5445
5.63 0.5545
0.592028 0.5545
2.65

IMD2d2
5
-6.35 0.5545
-0.457028 0.5545
-0.452019 0.5545
-0.457999 0.6535
-6.35 0.6535
2.65

IMD2d2_damage
4
-0.452019 0.5545
-0.44701 0.5545
-0.45299 0.6535
-0.457999 0.6535
2.9

IMD2d2_damage
4
0.44701 0.5545
0.452019 0.5545
0.457999 0.6535
0.45299 0.6535
2.9

IMD2d2
6
0.452019 0.5545
0.457028 0.5545
0.532972 0.5545
0.537981 0.5545
0.532001 0.6535
0.457999 0.6535
2.65

IMD2d2_damage
4
0.537981 0.5545
0.54299 0.5545
0.53701 0.6535
0.532001 0.6535
2.9

IMD2d2_damage
4
0.58201 0.5545
0.587019 0.5545
0.592999 0.6535
0.58799 0.6535
2.9

IMD2d2
5
0.587019 0.5545
0.592028 0.5545
5.63 0.5545
5.63 0.6535
0.592999 0.6535
2.65

IMD3a
12
-6.35 0.6535
-0.457999 0.6535
-0.45299 0.6535
0.45299 0.6535
0.457999 0.6535
0.532001 0.6535
0.53701 0.6535
0.58799 0.6535
0.592999 0.6535
5.63 0.6535
5.63 0.6745
-6.35 0.6745
5.2

IMD3b
4
-6.35 0.6745
5.63 0.6745
5.63 0.6895
-6.35 0.6895
4.2

IMD3c
4
-6.35 0.6895
5.63 0.6895
5.63 0.7135
-6.35 0.7135
3.28

IMD3d1
4
-6.35 0.7135
5.63 0.7135
5.63 0.7315
-6.35 0.7315
2.65

IMD3d1_damage
5
-6.35 0.7315
5.63 0.7315
5.63 0.7415
0 0.7415
-6.35 0.7415
3.1


4
-6.35 0.001
5.63 0.001
5.63 0.7415
-6.35 0.7415

