botcenter
4
0 -0.001
1.125 -0.001
1.125 0.001
0 0.001

9
botleft
4
-2.165 -0.001
0 -0.001
0 0.001
-2.165 0.001

botright
4
1.125 -0.001
3.29 -0.001
3.29 0.001
1.125 0.001

lEnv
4
-1.66201 0.5545
-0.76799 0.5545
-0.76201 0.6535
-1.66799 0.6535

c1
4
-0.44701 0.5545
0.44701 0.5545
0.45299 0.6535
-0.45299 0.6535

c2
4
0.67799 0.5545
1.57201 0.5545
1.57799 0.6535
0.67201 0.6535

rEnv
4
1.89299 0.5545
2.78701 0.5545
2.79299 0.6535
1.88701 0.6535

topleft
4
-2.165 0.7415
0 0.7415
0 0.8405
-2.165 0.8405

topcenter
4
0 0.7415
1.125 0.7415
1.125 0.8405
0 0.8405

topright
4
1.125 0.7415
3.29 0.7415
3.29 0.8405
1.125 0.8405


36
FOXA+FOXB+TOX
6
-2.165 0.001
0 0.001
1.125 0.001
3.29 0.001
3.29 0.2665
-2.165 0.2665
4

ILD1a
4
-2.165 0.2665
3.29 0.2665
3.29 0.2765
-2.165 0.2765
7

ILD1b1+ILD1b2+ILD1b3
4
-2.165 0.2765
3.29 0.2765
3.29 0.3955
-2.165 0.3955
4

IMD1a
4
-2.165 0.3955
3.29 0.3955
3.29 0.4065
-2.165 0.4065
5.2

IMD1b
4
-2.165 0.4065
3.29 0.4065
3.29 0.4665
-2.165 0.4665
2.8

IMD2a
4
-2.165 0.4665
3.29 0.4665
3.29 0.4875
-2.165 0.4875
5.2

IMD2b
4
-2.165 0.4875
3.29 0.4875
3.29 0.5025
-2.165 0.5025
4.2

IMD2c
4
-2.165 0.5025
3.29 0.5025
3.29 0.5265
-2.165 0.5265
3.28

IMD2d1
12
-2.165 0.5265
3.29 0.5265
3.29 0.5445
2.796424 0.5445
1.883576 0.5445
1.581424 0.5445
0.668576 0.5445
0.456424 0.5445
-0.456424 0.5445
-0.758576 0.5445
-1.671424 0.5445
-2.165 0.5445
2.65

IMD2d1
4
-2.165 0.5445
-1.671424 0.5445
-1.672028 0.5545
-2.165 0.5545
2.65

IMD2d1_damage
8
-1.671424 0.5445
-0.758576 0.5445
-0.757972 0.5545
-0.762981 0.5545
-0.76799 0.5545
-1.66201 0.5545
-1.667019 0.5545
-1.672028 0.5545
3.1

IMD2d1
4
-0.758576 0.5445
-0.456424 0.5445
-0.457028 0.5545
-0.757972 0.5545
2.65

IMD2d1_damage
8
-0.456424 0.5445
0.456424 0.5445
0.457028 0.5545
0.452019 0.5545
0.44701 0.5545
-0.44701 0.5545
-0.452019 0.5545
-0.457028 0.5545
3.1

IMD2d1
4
0.456424 0.5445
0.668576 0.5445
0.667972 0.5545
0.457028 0.5545
2.65

IMD2d1_damage
8
0.668576 0.5445
1.581424 0.5445
1.582028 0.5545
1.577019 0.5545
1.57201 0.5545
0.67799 0.5545
0.672981 0.5545
0.667972 0.5545
3.1

IMD2d1
4
1.581424 0.5445
1.883576 0.5445
1.882972 0.5545
1.582028 0.5545
2.65

IMD2d1_damage
8
1.883576 0.5445
2.796424 0.5445
2.797028 0.5545
2.792019 0.5545
2.78701 0.5545
1.89299 0.5545
1.887981 0.5545
1.882972 0.5545
3.1

IMD2d1
4
2.796424 0.5445
3.29 0.5445
3.29 0.5545
2.797028 0.5545
2.65

IMD2d2
5
-2.165 0.5545
-1.672028 0.5545
-1.667019 0.5545
-1.672999 0.6535
-2.165 0.6535
2.65

IMD2d2_damage
4
-1.667019 0.5545
-1.66201 0.5545
-1.66799 0.6535
-1.672999 0.6535
2.9

IMD2d2_damage
4
-0.76799 0.5545
-0.762981 0.5545
-0.757001 0.6535
-0.76201 0.6535
2.9

IMD2d2
6
-0.762981 0.5545
-0.757972 0.5545
-0.457028 0.5545
-0.452019 0.5545
-0.457999 0.6535
-0.757001 0.6535
2.65

IMD2d2_damage
4
-0.452019 0.5545
-0.44701 0.5545
-0.45299 0.6535
-0.457999 0.6535
2.9

IMD2d2_damage
4
0.44701 0.5545
0.452019 0.5545
0.457999 0.6535
0.45299 0.6535
2.9

IMD2d2
6
0.452019 0.5545
0.457028 0.5545
0.667972 0.5545
0.672981 0.5545
0.667001 0.6535
0.457999 0.6535
2.65

IMD2d2_damage
4
0.672981 0.5545
0.67799 0.5545
0.67201 0.6535
0.667001 0.6535
2.9

IMD2d2_damage
4
1.57201 0.5545
1.577019 0.5545
1.582999 0.6535
1.57799 0.6535
2.9

IMD2d2
6
1.577019 0.5545
1.582028 0.5545
1.882972 0.5545
1.887981 0.5545
1.882001 0.6535
1.582999 0.6535
2.65

IMD2d2_damage
4
1.887981 0.5545
1.89299 0.5545
1.88701 0.6535
1.882001 0.6535
2.9

IMD2d2_damage
4
2.78701 0.5545
2.792019 0.5545
2.797999 0.6535
2.79299 0.6535
2.9

IMD2d2
5
2.792019 0.5545
2.797028 0.5545
3.29 0.5545
3.29 0.6535
2.797999 0.6535
2.65

IMD3a
20
-2.165 0.6535
-1.672999 0.6535
-1.66799 0.6535
-0.76201 0.6535
-0.757001 0.6535
-0.457999 0.6535
-0.45299 0.6535
0.45299 0.6535
0.457999 0.6535
0.667001 0.6535
0.67201 0.6535
1.57799 0.6535
1.582999 0.6535
1.882001 0.6535
1.88701 0.6535
2.79299 0.6535
2.797999 0.6535
3.29 0.6535
3.29 0.6745
-2.165 0.6745
5.2

IMD3b
4
-2.165 0.6745
3.29 0.6745
3.29 0.6895
-2.165 0.6895
4.2

IMD3c
4
-2.165 0.6895
3.29 0.6895
3.29 0.7135
-2.165 0.7135
3.28

IMD3d1
4
-2.165 0.7135
3.29 0.7135
3.29 0.7315
-2.165 0.7315
2.65

IMD3d1_damage
6
-2.165 0.7315
3.29 0.7315
3.29 0.7415
1.125 0.7415
0 0.7415
-2.165 0.7415
3.1


4
-2.165 0.001
3.29 0.001
3.29 0.7415
-2.165 0.7415

