botcenter
4
0 -0.001
0.9 -0.001
0.9 0.001
0 0.001

7
botleft
4
-5.2025 -0.001
0 -0.001
0 0.001
-5.2025 0.001

botright
4
0.9 -0.001
5.9675 -0.001
5.9675 0.001
0.9 0.001

c1
4
-0.06451 0.5545
0.06451 0.5545
0.07049 0.6535
-0.07049 0.6535

c2
4
0.88049 0.5545
0.91951 0.5545
0.92549 0.6535
0.87451 0.6535

topleft
4
-5.2025 0.7415
0 0.7415
0 0.8405
-5.2025 0.8405

topcenter
4
0 0.7415
0.9 0.7415
0.9 0.8405
0 0.8405

topright
4
0.9 0.7415
5.9675 0.7415
5.9675 0.8405
0.9 0.8405


26
FOXA+FOXB+TOX
6
-5.2025 0.001
0 0.001
0.9 0.001
5.9675 0.001
5.9675 0.2665
-5.2025 0.2665
4

ILD1a
4
-5.2025 0.2665
5.9675 0.2665
5.9675 0.2765
-5.2025 0.2765
7

ILD1b1+ILD1b2+ILD1b3
4
-5.2025 0.2765
5.9675 0.2765
5.9675 0.3955
-5.2025 0.3955
4

IMD1a
4
-5.2025 0.3955
5.9675 0.3955
5.9675 0.4065
-5.2025 0.4065
5.2

IMD1b
4
-5.2025 0.4065
5.9675 0.4065
5.9675 0.4665
-5.2025 0.4665
2.8

IMD2a
4
-5.2025 0.4665
5.9675 0.4665
5.9675 0.4875
-5.2025 0.4875
5.2

IMD2b
4
-5.2025 0.4875
5.9675 0.4875
5.9675 0.5025
-5.2025 0.5025
4.2

IMD2c
4
-5.2025 0.5025
5.9675 0.5025
5.9675 0.5265
-5.2025 0.5265
3.28

IMD2d1
8
-5.2025 0.5265
5.9675 0.5265
5.9675 0.5445
0.928924 0.5445
0.871076 0.5445
0.073924 0.5445
-0.073924 0.5445
-5.2025 0.5445
2.65

IMD2d1
4
-5.2025 0.5445
-0.073924 0.5445
-0.074528 0.5545
-5.2025 0.5545
2.65

IMD2d1_damage
8
-0.073924 0.5445
0.073924 0.5445
0.074528 0.5545
0.069519 0.5545
0.06451 0.5545
-0.06451 0.5545
-0.069519 0.5545
-0.074528 0.5545
3.1

IMD2d1
4
0.073924 0.5445
0.871076 0.5445
0.870472 0.5545
0.074528 0.5545
2.65

IMD2d1_damage
8
0.871076 0.5445
0.928924 0.5445
0.929528 0.5545
0.924519 0.5545
0.91951 0.5545
0.88049 0.5545
0.875481 0.5545
0.870472 0.5545
3.1

IMD2d1
4
0.928924 0.5445
5.9675 0.5445
5.9675 0.5545
0.929528 0.5545
2.65

IMD2d2
5
-5.2025 0.5545
-0.074528 0.5545
-0.069519 0.5545
-0.075499 0.6535
-5.2025 0.6535
2.65

IMD2d2_damage
4
-0.069519 0.5545
-0.06451 0.5545
-0.07049 0.6535
-0.075499 0.6535
2.9

IMD2d2_damage
4
0.06451 0.5545
0.069519 0.5545
0.075499 0.6535
0.07049 0.6535
2.9

IMD2d2
6
0.069519 0.5545
0.074528 0.5545
0.870472 0.5545
0.875481 0.5545
0.869501 0.6535
0.075499 0.6535
2.65

IMD2d2_damage
4
0.875481 0.5545
0.88049 0.5545
0.87451 0.6535
0.869501 0.6535
2.9

IMD2d2_damage
4
0.91951 0.5545
0.924519 0.5545
0.930499 0.6535
0.92549 0.6535
2.9

IMD2d2
5
0.924519 0.5545
0.929528 0.5545
5.9675 0.5545
5.9675 0.6535
0.930499 0.6535
2.65

IMD3a
12
-5.2025 0.6535
-0.075499 0.6535
-0.07049 0.6535
0.07049 0.6535
0.075499 0.6535
0.869501 0.6535
0.87451 0.6535
0.92549 0.6535
0.930499 0.6535
5.9675 0.6535
5.9675 0.6745
-5.2025 0.6745
5.2

IMD3b
4
-5.2025 0.6745
5.9675 0.6745
5.9675 0.6895
-5.2025 0.6895
4.2

IMD3c
4
-5.2025 0.6895
5.9675 0.6895
5.9675 0.7135
-5.2025 0.7135
3.28

IMD3d1
4
-5.2025 0.7135
5.9675 0.7135
5.9675 0.7315
-5.2025 0.7315
2.65

IMD3d1_damage
6
-5.2025 0.7315
5.9675 0.7315
5.9675 0.7415
0.9 0.7415
0 0.7415
-5.2025 0.7415
3.1


4
-5.2025 0.001
5.9675 0.001
5.9675 0.7415
-5.2025 0.7415

