c1
4
-0.01951 0.5545
0.01951 0.5545
0.02549 0.6535
-0.02549 0.6535

7
botleft
4
-0.6125 -0.001
0 -0.001
0 0.001
-0.6125 0.001

botright
4
0 -0.001
0.698 -0.001
0.698 0.001
0 0.001

lEnv
4
-0.10951 0.5545
-0.07049 0.5545
-0.06451 0.6535
-0.11549 0.6535

c2
4
0.06599 0.5545
0.10501 0.5545
0.11099 0.6535
0.06001 0.6535

rEnv
4
0.15599 0.5545
0.19501 0.5545
0.20099 0.6535
0.15001 0.6535

topleft
4
-0.6125 0.7415
0 0.7415
0 0.8405
-0.6125 0.8405

topright
4
0 0.7415
0.698 0.7415
0.698 0.8405
0 0.8405


36
FOXA+FOXB+TOX
5
-0.6125 0.001
0 0.001
0.698 0.001
0.698 0.2665
-0.6125 0.2665
4

ILD1a
4
-0.6125 0.2665
0.698 0.2665
0.698 0.2765
-0.6125 0.2765
7

ILD1b1+ILD1b2+ILD1b3
4
-0.6125 0.2765
0.698 0.2765
0.698 0.3955
-0.6125 0.3955
4

IMD1a
4
-0.6125 0.3955
0.698 0.3955
0.698 0.4065
-0.6125 0.4065
5.2

IMD1b
4
-0.6125 0.4065
0.698 0.4065
0.698 0.4665
-0.6125 0.4665
2.8

IMD2a
4
-0.6125 0.4665
0.698 0.4665
0.698 0.4875
-0.6125 0.4875
5.2

IMD2b
4
-0.6125 0.4875
0.698 0.4875
0.698 0.5025
-0.6125 0.5025
4.2

IMD2c
4
-0.6125 0.5025
0.698 0.5025
0.698 0.5265
-0.6125 0.5265
3.28

IMD2d1
12
-0.6125 0.5265
0.698 0.5265
0.698 0.5445
0.204424 0.5445
0.146576 0.5445
0.114424 0.5445
0.056576 0.5445
0.028924 0.5445
-0.028924 0.5445
-0.061076 0.5445
-0.118924 0.5445
-0.6125 0.5445
2.65

IMD2d1
4
-0.6125 0.5445
-0.118924 0.5445
-0.119528 0.5545
-0.6125 0.5545
2.65

IMD2d1_damage
8
-0.118924 0.5445
-0.061076 0.5445
-0.060472 0.5545
-0.065481 0.5545
-0.07049 0.5545
-0.10951 0.5545
-0.114519 0.5545
-0.119528 0.5545
3.1

IMD2d1
4
-0.061076 0.5445
-0.028924 0.5445
-0.029528 0.5545
-0.060472 0.5545
2.65

IMD2d1_damage
8
-0.028924 0.5445
0.028924 0.5445
0.029528 0.5545
0.024519 0.5545
0.01951 0.5545
-0.01951 0.5545
-0.024519 0.5545
-0.029528 0.5545
3.1

IMD2d1
4
0.028924 0.5445
0.056576 0.5445
0.055972 0.5545
0.029528 0.5545
2.65

IMD2d1_damage
8
0.056576 0.5445
0.114424 0.5445
0.115028 0.5545
0.110019 0.5545
0.10501 0.5545
0.06599 0.5545
0.060981 0.5545
0.055972 0.5545
3.1

IMD2d1
4
0.114424 0.5445
0.146576 0.5445
0.145972 0.5545
0.115028 0.5545
2.65

IMD2d1_damage
8
0.146576 0.5445
0.204424 0.5445
0.205028 0.5545
0.200019 0.5545
0.19501 0.5545
0.15599 0.5545
0.150981 0.5545
0.145972 0.5545
3.1

IMD2d1
4
0.204424 0.5445
0.698 0.5445
0.698 0.5545
0.205028 0.5545
2.65

IMD2d2
5
-0.6125 0.5545
-0.119528 0.5545
-0.114519 0.5545
-0.120499 0.6535
-0.6125 0.6535
2.65

IMD2d2_damage
4
-0.114519 0.5545
-0.10951 0.5545
-0.11549 0.6535
-0.120499 0.6535
2.9

IMD2d2_damage
4
-0.07049 0.5545
-0.065481 0.5545
-0.059501 0.6535
-0.06451 0.6535
2.9

IMD2d2
6
-0.065481 0.5545
-0.060472 0.5545
-0.029528 0.5545
-0.024519 0.5545
-0.030499 0.6535
-0.059501 0.6535
2.65

IMD2d2_damage
4
-0.024519 0.5545
-0.01951 0.5545
-0.02549 0.6535
-0.030499 0.6535
2.9

IMD2d2_damage
4
0.01951 0.5545
0.024519 0.5545
0.030499 0.6535
0.02549 0.6535
2.9

IMD2d2
6
0.024519 0.5545
0.029528 0.5545
0.055972 0.5545
0.060981 0.5545
0.055001 0.6535
0.030499 0.6535
2.65

IMD2d2_damage
4
0.060981 0.5545
0.06599 0.5545
0.06001 0.6535
0.055001 0.6535
2.9

IMD2d2_damage
4
0.10501 0.5545
0.110019 0.5545
0.115999 0.6535
0.11099 0.6535
2.9

IMD2d2
6
0.110019 0.5545
0.115028 0.5545
0.145972 0.5545
0.150981 0.5545
0.145001 0.6535
0.115999 0.6535
2.65

IMD2d2_damage
4
0.150981 0.5545
0.15599 0.5545
0.15001 0.6535
0.145001 0.6535
2.9

IMD2d2_damage
4
0.19501 0.5545
0.200019 0.5545
0.205999 0.6535
0.20099 0.6535
2.9

IMD2d2
5
0.200019 0.5545
0.205028 0.5545
0.698 0.5545
0.698 0.6535
0.205999 0.6535
2.65

IMD3a
20
-0.6125 0.6535
-0.120499 0.6535
-0.11549 0.6535
-0.06451 0.6535
-0.059501 0.6535
-0.030499 0.6535
-0.02549 0.6535
0.02549 0.6535
0.030499 0.6535
0.055001 0.6535
0.06001 0.6535
0.11099 0.6535
0.115999 0.6535
0.145001 0.6535
0.15001 0.6535
0.20099 0.6535
0.205999 0.6535
0.698 0.6535
0.698 0.6745
-0.6125 0.6745
5.2

IMD3b
4
-0.6125 0.6745
0.698 0.6745
0.698 0.6895
-0.6125 0.6895
4.2

IMD3c
4
-0.6125 0.6895
0.698 0.6895
0.698 0.7135
-0.6125 0.7135
3.28

IMD3d1
4
-0.6125 0.7135
0.698 0.7135
0.698 0.7315
-0.6125 0.7315
2.65

IMD3d1_damage
5
-0.6125 0.7315
0.698 0.7315
0.698 0.7415
0 0.7415
-0.6125 0.7415
3.1


4
-0.6125 0.001
0.698 0.001
0.698 0.7415
-0.6125 0.7415

