c1
4
-0.44701 0.5545
0.44701 0.5545
0.45299 0.6535
-0.45299 0.6535

7
botleft
4
-2.165 -0.001
0 -0.001
0 0.001
-2.165 0.001

botright
4
0 -0.001
1.5755 -0.001
1.5755 0.001
0 0.001

lEnv
4
-1.66201 0.5545
-0.76799 0.5545
-0.76201 0.6535
-1.66799 0.6535

c2
4
0.49349 0.5545
0.62251 0.5545
0.62849 0.6535
0.48751 0.6535

rEnv
4
0.94349 0.5545
1.07251 0.5545
1.07849 0.6535
0.93751 0.6535

topleft
4
-2.165 0.7415
0 0.7415
0 0.8405
-2.165 0.8405

topright
4
0 0.7415
1.5755 0.7415
1.5755 0.8405
0 0.8405


36
FOXA+FOXB+TOX
5
-2.165 0.001
0 0.001
1.5755 0.001
1.5755 0.2665
-2.165 0.2665
4

ILD1a
4
-2.165 0.2665
1.5755 0.2665
1.5755 0.2765
-2.165 0.2765
7

ILD1b1+ILD1b2+ILD1b3
4
-2.165 0.2765
1.5755 0.2765
1.5755 0.3955
-2.165 0.3955
4

IMD1a
4
-2.165 0.3955
1.5755 0.3955
1.5755 0.4065
-2.165 0.4065
5.2

IMD1b
4
-2.165 0.4065
1.5755 0.4065
1.5755 0.4665
-2.165 0.4665
2.8

IMD2a
4
-2.165 0.4665
1.5755 0.4665
1.5755 0.4875
-2.165 0.4875
5.2

IMD2b
4
-2.165 0.4875
1.5755 0.4875
1.5755 0.5025
-2.165 0.5025
4.2

IMD2c
4
-2.165 0.5025
1.5755 0.5025
1.5755 0.5265
-2.165 0.5265
3.28

IMD2d1
12
-2.165 0.5265
1.5755 0.5265
1.5755 0.5445
1.081924 0.5445
0.934076 0.5445
0.631924 0.5445
0.484076 0.5445
0.456424 0.5445
-0.456424 0.5445
-0.758576 0.5445
-1.671424 0.5445
-2.165 0.5445
2.65

IMD2d1
4
-2.165 0.5445
-1.671424 0.5445
-1.672028 0.5545
-2.165 0.5545
2.65

IMD2d1_damage
8
-1.671424 0.5445
-0.758576 0.5445
-0.757972 0.5545
-0.762981 0.5545
-0.76799 0.5545
-1.66201 0.5545
-1.667019 0.5545
-1.672028 0.5545
3.1

IMD2d1
4
-0.758576 0.5445
-0.456424 0.5445
-0.457028 0.5545
-0.757972 0.5545
2.65

IMD2d1_damage
8
-0.456424 0.5445
0.456424 0.5445
0.457028 0.5545
0.452019 0.5545
0.44701 0.5545
-0.44701 0.5545
-0.452019 0.5545
-0.457028 0.5545
3.1

IMD2d1
4
0.456424 0.5445
0.484076 0.5445
0.483472 0.5545
0.457028 0.5545
2.65

IMD2d1_damage
8
0.484076 0.5445
0.631924 0.5445
0.632528 0.5545
0.627519 0.5545
0.62251 0.5545
0.49349 0.5545
0.488481 0.5545
0.483472 0.5545
3.1

IMD2d1
4
0.631924 0.5445
0.934076 0.5445
0.933472 0.5545
0.632528 0.5545
2.65

IMD2d1_damage
8
0.934076 0.5445
1.081924 0.5445
1.082528 0.5545
1.077519 0.5545
1.07251 0.5545
0.94349 0.5545
0.938481 0.5545
0.933472 0.5545
3.1

IMD2d1
4
1.081924 0.5445
1.5755 0.5445
1.5755 0.5545
1.082528 0.5545
2.65

IMD2d2
5
-2.165 0.5545
-1.672028 0.5545
-1.667019 0.5545
-1.672999 0.6535
-2.165 0.6535
2.65

IMD2d2_damage
4
-1.667019 0.5545
-1.66201 0.5545
-1.66799 0.6535
-1.672999 0.6535
2.9

IMD2d2_damage
4
-0.76799 0.5545
-0.762981 0.5545
-0.757001 0.6535
-0.76201 0.6535
2.9

IMD2d2
6
-0.762981 0.5545
-0.757972 0.5545
-0.457028 0.5545
-0.452019 0.5545
-0.457999 0.6535
-0.757001 0.6535
2.65

IMD2d2_damage
4
-0.452019 0.5545
-0.44701 0.5545
-0.45299 0.6535
-0.457999 0.6535
2.9

IMD2d2_damage
4
0.44701 0.5545
0.452019 0.5545
0.457999 0.6535
0.45299 0.6535
2.9

IMD2d2
6
0.452019 0.5545
0.457028 0.5545
0.483472 0.5545
0.488481 0.5545
0.482501 0.6535
0.457999 0.6535
2.65

IMD2d2_damage
4
0.488481 0.5545
0.49349 0.5545
0.48751 0.6535
0.482501 0.6535
2.9

IMD2d2_damage
4
0.62251 0.5545
0.627519 0.5545
0.633499 0.6535
0.62849 0.6535
2.9

IMD2d2
6
0.627519 0.5545
0.632528 0.5545
0.933472 0.5545
0.938481 0.5545
0.932501 0.6535
0.633499 0.6535
2.65

IMD2d2_damage
4
0.938481 0.5545
0.94349 0.5545
0.93751 0.6535
0.932501 0.6535
2.9

IMD2d2_damage
4
1.07251 0.5545
1.077519 0.5545
1.083499 0.6535
1.07849 0.6535
2.9

IMD2d2
5
1.077519 0.5545
1.082528 0.5545
1.5755 0.5545
1.5755 0.6535
1.083499 0.6535
2.65

IMD3a
20
-2.165 0.6535
-1.672999 0.6535
-1.66799 0.6535
-0.76201 0.6535
-0.757001 0.6535
-0.457999 0.6535
-0.45299 0.6535
0.45299 0.6535
0.457999 0.6535
0.482501 0.6535
0.48751 0.6535
0.62849 0.6535
0.633499 0.6535
0.932501 0.6535
0.93751 0.6535
1.07849 0.6535
1.083499 0.6535
1.5755 0.6535
1.5755 0.6745
-2.165 0.6745
5.2

IMD3b
4
-2.165 0.6745
1.5755 0.6745
1.5755 0.6895
-2.165 0.6895
4.2

IMD3c
4
-2.165 0.6895
1.5755 0.6895
1.5755 0.7135
-2.165 0.7135
3.28

IMD3d1
4
-2.165 0.7135
1.5755 0.7135
1.5755 0.7315
-2.165 0.7315
2.65

IMD3d1_damage
5
-2.165 0.7315
1.5755 0.7315
1.5755 0.7415
0 0.7415
-2.165 0.7415
3.1


4
-2.165 0.001
1.5755 0.001
1.5755 0.7415
-2.165 0.7415

