c1
4
-0.01951 0.5545
0.01951 0.5545
0.02549 0.6535
-0.02549 0.6535

5
botleft
4
-5.0675 -0.001
0 -0.001
0 0.001
-5.0675 0.001

botright
4
0 -0.001
6.863 -0.001
6.863 0.001
0 0.001

c2
4
0.06599 0.5545
0.96001 0.5545
0.96599 0.6535
0.06001 0.6535

topleft
4
-5.0675 0.7415
0 0.7415
0 0.8405
-5.0675 0.8405

topright
4
0 0.7415
6.863 0.7415
6.863 0.8405
0 0.8405


26
FOXA+FOXB+TOX
5
-5.0675 0.001
0 0.001
6.863 0.001
6.863 0.2665
-5.0675 0.2665
4

ILD1a
4
-5.0675 0.2665
6.863 0.2665
6.863 0.2765
-5.0675 0.2765
7

ILD1b1+ILD1b2+ILD1b3
4
-5.0675 0.2765
6.863 0.2765
6.863 0.3955
-5.0675 0.3955
4

IMD1a
4
-5.0675 0.3955
6.863 0.3955
6.863 0.4065
-5.0675 0.4065
5.2

IMD1b
4
-5.0675 0.4065
6.863 0.4065
6.863 0.4665
-5.0675 0.4665
2.8

IMD2a
4
-5.0675 0.4665
6.863 0.4665
6.863 0.4875
-5.0675 0.4875
5.2

IMD2b
4
-5.0675 0.4875
6.863 0.4875
6.863 0.5025
-5.0675 0.5025
4.2

IMD2c
4
-5.0675 0.5025
6.863 0.5025
6.863 0.5265
-5.0675 0.5265
3.28

IMD2d1
8
-5.0675 0.5265
6.863 0.5265
6.863 0.5445
0.969424 0.5445
0.056576 0.5445
0.028924 0.5445
-0.028924 0.5445
-5.0675 0.5445
2.65

IMD2d1
4
-5.0675 0.5445
-0.028924 0.5445
-0.029528 0.5545
-5.0675 0.5545
2.65

IMD2d1_damage
8
-0.028924 0.5445
0.028924 0.5445
0.029528 0.5545
0.024519 0.5545
0.01951 0.5545
-0.01951 0.5545
-0.024519 0.5545
-0.029528 0.5545
3.1

IMD2d1
4
0.028924 0.5445
0.056576 0.5445
0.055972 0.5545
0.029528 0.5545
2.65

IMD2d1_damage
8
0.056576 0.5445
0.969424 0.5445
0.970028 0.5545
0.965019 0.5545
0.96001 0.5545
0.06599 0.5545
0.060981 0.5545
0.055972 0.5545
3.1

IMD2d1
4
0.969424 0.5445
6.863 0.5445
6.863 0.5545
0.970028 0.5545
2.65

IMD2d2
5
-5.0675 0.5545
-0.029528 0.5545
-0.024519 0.5545
-0.030499 0.6535
-5.0675 0.6535
2.65

IMD2d2_damage
4
-0.024519 0.5545
-0.01951 0.5545
-0.02549 0.6535
-0.030499 0.6535
2.9

IMD2d2_damage
4
0.01951 0.5545
0.024519 0.5545
0.030499 0.6535
0.02549 0.6535
2.9

IMD2d2
6
0.024519 0.5545
0.029528 0.5545
0.055972 0.5545
0.060981 0.5545
0.055001 0.6535
0.030499 0.6535
2.65

IMD2d2_damage
4
0.060981 0.5545
0.06599 0.5545
0.06001 0.6535
0.055001 0.6535
2.9

IMD2d2_damage
4
0.96001 0.5545
0.965019 0.5545
0.970999 0.6535
0.96599 0.6535
2.9

IMD2d2
5
0.965019 0.5545
0.970028 0.5545
6.863 0.5545
6.863 0.6535
0.970999 0.6535
2.65

IMD3a
12
-5.0675 0.6535
-0.030499 0.6535
-0.02549 0.6535
0.02549 0.6535
0.030499 0.6535
0.055001 0.6535
0.06001 0.6535
0.96599 0.6535
0.970999 0.6535
6.863 0.6535
6.863 0.6745
-5.0675 0.6745
5.2

IMD3b
4
-5.0675 0.6745
6.863 0.6745
6.863 0.6895
-5.0675 0.6895
4.2

IMD3c
4
-5.0675 0.6895
6.863 0.6895
6.863 0.7135
-5.0675 0.7135
3.28

IMD3d1
4
-5.0675 0.7135
6.863 0.7135
6.863 0.7315
-5.0675 0.7315
2.65

IMD3d1_damage
5
-5.0675 0.7315
6.863 0.7315
6.863 0.7415
0 0.7415
-5.0675 0.7415
3.1


4
-5.0675 0.001
6.863 0.001
6.863 0.7415
-5.0675 0.7415

