botcenter
4
0 -0.001
0.7875 -0.001
0.7875 0.001
0 0.001

9
botleft
4
-0.8825 -0.001
0 -0.001
0 0.001
-0.8825 0.001

botright
4
0.7875 -0.001
2.9525 -0.001
2.9525 0.001
0.7875 0.001

lEnv
4
-0.37951 0.5545
-0.34049 0.5545
-0.33451 0.6535
-0.38549 0.6535

c1
4
-0.01951 0.5545
0.01951 0.5545
0.02549 0.6535
-0.02549 0.6535

c2
4
0.34049 0.5545
1.23451 0.5545
1.24049 0.6535
0.33451 0.6535

rEnv
4
1.55549 0.5545
2.44951 0.5545
2.45549 0.6535
1.54951 0.6535

topleft
4
-0.8825 0.7415
0 0.7415
0 0.8405
-0.8825 0.8405

topcenter
4
0 0.7415
0.7875 0.7415
0.7875 0.8405
0 0.8405

topright
4
0.7875 0.7415
2.9525 0.7415
2.9525 0.8405
0.7875 0.8405


36
FOXA+FOXB+TOX
6
-0.8825 0.001
0 0.001
0.7875 0.001
2.9525 0.001
2.9525 0.2665
-0.8825 0.2665
4

ILD1a
4
-0.8825 0.2665
2.9525 0.2665
2.9525 0.2765
-0.8825 0.2765
7

ILD1b1+ILD1b2+ILD1b3
4
-0.8825 0.2765
2.9525 0.2765
2.9525 0.3955
-0.8825 0.3955
4

IMD1a
4
-0.8825 0.3955
2.9525 0.3955
2.9525 0.4065
-0.8825 0.4065
5.2

IMD1b
4
-0.8825 0.4065
2.9525 0.4065
2.9525 0.4665
-0.8825 0.4665
2.8

IMD2a
4
-0.8825 0.4665
2.9525 0.4665
2.9525 0.4875
-0.8825 0.4875
5.2

IMD2b
4
-0.8825 0.4875
2.9525 0.4875
2.9525 0.5025
-0.8825 0.5025
4.2

IMD2c
4
-0.8825 0.5025
2.9525 0.5025
2.9525 0.5265
-0.8825 0.5265
3.28

IMD2d1
12
-0.8825 0.5265
2.9525 0.5265
2.9525 0.5445
2.458924 0.5445
1.546076 0.5445
1.243924 0.5445
0.331076 0.5445
0.028924 0.5445
-0.028924 0.5445
-0.331076 0.5445
-0.388924 0.5445
-0.8825 0.5445
2.65

IMD2d1
4
-0.8825 0.5445
-0.388924 0.5445
-0.389528 0.5545
-0.8825 0.5545
2.65

IMD2d1_damage
8
-0.388924 0.5445
-0.331076 0.5445
-0.330472 0.5545
-0.335481 0.5545
-0.34049 0.5545
-0.37951 0.5545
-0.384519 0.5545
-0.389528 0.5545
3.1

IMD2d1
4
-0.331076 0.5445
-0.028924 0.5445
-0.029528 0.5545
-0.330472 0.5545
2.65

IMD2d1_damage
8
-0.028924 0.5445
0.028924 0.5445
0.029528 0.5545
0.024519 0.5545
0.01951 0.5545
-0.01951 0.5545
-0.024519 0.5545
-0.029528 0.5545
3.1

IMD2d1
4
0.028924 0.5445
0.331076 0.5445
0.330472 0.5545
0.029528 0.5545
2.65

IMD2d1_damage
8
0.331076 0.5445
1.243924 0.5445
1.244528 0.5545
1.239519 0.5545
1.23451 0.5545
0.34049 0.5545
0.335481 0.5545
0.330472 0.5545
3.1

IMD2d1
4
1.243924 0.5445
1.546076 0.5445
1.545472 0.5545
1.244528 0.5545
2.65

IMD2d1_damage
8
1.546076 0.5445
2.458924 0.5445
2.459528 0.5545
2.454519 0.5545
2.44951 0.5545
1.55549 0.5545
1.550481 0.5545
1.545472 0.5545
3.1

IMD2d1
4
2.458924 0.5445
2.9525 0.5445
2.9525 0.5545
2.459528 0.5545
2.65

IMD2d2
5
-0.8825 0.5545
-0.389528 0.5545
-0.384519 0.5545
-0.390499 0.6535
-0.8825 0.6535
2.65

IMD2d2_damage
4
-0.384519 0.5545
-0.37951 0.5545
-0.38549 0.6535
-0.390499 0.6535
2.9

IMD2d2_damage
4
-0.34049 0.5545
-0.335481 0.5545
-0.329501 0.6535
-0.33451 0.6535
2.9

IMD2d2
6
-0.335481 0.5545
-0.330472 0.5545
-0.029528 0.5545
-0.024519 0.5545
-0.030499 0.6535
-0.329501 0.6535
2.65

IMD2d2_damage
4
-0.024519 0.5545
-0.01951 0.5545
-0.02549 0.6535
-0.030499 0.6535
2.9

IMD2d2_damage
4
0.01951 0.5545
0.024519 0.5545
0.030499 0.6535
0.02549 0.6535
2.9

IMD2d2
6
0.024519 0.5545
0.029528 0.5545
0.330472 0.5545
0.335481 0.5545
0.329501 0.6535
0.030499 0.6535
2.65

IMD2d2_damage
4
0.335481 0.5545
0.34049 0.5545
0.33451 0.6535
0.329501 0.6535
2.9

IMD2d2_damage
4
1.23451 0.5545
1.239519 0.5545
1.245499 0.6535
1.24049 0.6535
2.9

IMD2d2
6
1.239519 0.5545
1.244528 0.5545
1.545472 0.5545
1.550481 0.5545
1.544501 0.6535
1.245499 0.6535
2.65

IMD2d2_damage
4
1.550481 0.5545
1.55549 0.5545
1.54951 0.6535
1.544501 0.6535
2.9

IMD2d2_damage
4
2.44951 0.5545
2.454519 0.5545
2.460499 0.6535
2.45549 0.6535
2.9

IMD2d2
5
2.454519 0.5545
2.459528 0.5545
2.9525 0.5545
2.9525 0.6535
2.460499 0.6535
2.65

IMD3a
20
-0.8825 0.6535
-0.390499 0.6535
-0.38549 0.6535
-0.33451 0.6535
-0.329501 0.6535
-0.030499 0.6535
-0.02549 0.6535
0.02549 0.6535
0.030499 0.6535
0.329501 0.6535
0.33451 0.6535
1.24049 0.6535
1.245499 0.6535
1.544501 0.6535
1.54951 0.6535
2.45549 0.6535
2.460499 0.6535
2.9525 0.6535
2.9525 0.6745
-0.8825 0.6745
5.2

IMD3b
4
-0.8825 0.6745
2.9525 0.6745
2.9525 0.6895
-0.8825 0.6895
4.2

IMD3c
4
-0.8825 0.6895
2.9525 0.6895
2.9525 0.7135
-0.8825 0.7135
3.28

IMD3d1
4
-0.8825 0.7135
2.9525 0.7135
2.9525 0.7315
-0.8825 0.7315
2.65

IMD3d1_damage
6
-0.8825 0.7315
2.9525 0.7315
2.9525 0.7415
0.7875 0.7415
0 0.7415
-0.8825 0.7415
3.1


4
-0.8825 0.001
2.9525 0.001
2.9525 0.7415
-0.8825 0.7415

