c1
8
-0.01792 0.3705
0.01792 0.3705
0.020305 0.3955
0.021355 0.4065
0.02708 0.4665
-0.02708 0.4665
-0.021355 0.4065
-0.020305 0.3955

5
botleft
4
-5.0675 -0.001
0 -0.001
0 0.001
-5.0675 0.001

botright
4
0 -0.001
6.9125 -0.001
6.9125 0.001
0 0.001

c2
8
0.11708 0.3705
1.00792 0.3705
1.010305 0.3955
1.011355 0.4065
1.01708 0.4665
0.10792 0.4665
0.113645 0.4065
0.114695 0.3955

topleft
4
-5.0675 0.5545
0 0.5545
0 0.6535
-5.0675 0.6535

topright
4
0 0.5545
6.9125 0.5545
6.9125 0.6535
0 0.6535


17
FOXA+FOXB+TOX
5
-5.0675 0.001
0 0.001
6.9125 0.001
6.9125 0.2665
-5.0675 0.2665
4

ILD1a
4
-5.0675 0.2665
6.9125 0.2665
6.9125 0.2765
-5.0675 0.2765
7

ILD1b1+ILD1b2
8
-5.0675 0.2765
6.9125 0.2765
6.9125 0.3705
1.00792 0.3705
0.11708 0.3705
0.01792 0.3705
-0.01792 0.3705
-5.0675 0.3705
4

ILD1b3
4
-5.0675 0.3705
-0.01792 0.3705
-0.020305 0.3955
-5.0675 0.3955
4

ILD1b3
4
0.01792 0.3705
0.11708 0.3705
0.114695 0.3955
0.020305 0.3955
4

ILD1b3
4
1.00792 0.3705
6.9125 0.3705
6.9125 0.3955
1.010305 0.3955
4

IMD1a
4
-5.0675 0.3955
-0.020305 0.3955
-0.021355 0.4065
-5.0675 0.4065
5.2

IMD1a
4
0.020305 0.3955
0.114695 0.3955
0.113645 0.4065
0.021355 0.4065
5.2

IMD1a
4
1.010305 0.3955
6.9125 0.3955
6.9125 0.4065
1.011355 0.4065
5.2

IMD1b
4
-5.0675 0.4065
-0.021355 0.4065
-0.02708 0.4665
-5.0675 0.4665
2.8

IMD1b
4
0.021355 0.4065
0.113645 0.4065
0.10792 0.4665
0.02708 0.4665
2.8

IMD1b
4
1.011355 0.4065
6.9125 0.4065
6.9125 0.4665
1.01708 0.4665
2.8

IMD2a
8
-5.0675 0.4665
-0.02708 0.4665
0.02708 0.4665
0.10792 0.4665
1.01708 0.4665
6.9125 0.4665
6.9125 0.4875
-5.0675 0.4875
5.2

IMD2b
4
-5.0675 0.4875
6.9125 0.4875
6.9125 0.5025
-5.0675 0.5025
4.2

IMD2c
4
-5.0675 0.5025
6.9125 0.5025
6.9125 0.5265
-5.0675 0.5265
3.28

IMD2d1
4
-5.0675 0.5265
6.9125 0.5265
6.9125 0.5445
-5.0675 0.5445
2.65

IMD2d1_damage
5
-5.0675 0.5445
6.9125 0.5445
6.9125 0.5545
0 0.5545
-5.0675 0.5545
3.1


4
-5.0675 0.001
6.9125 0.001
6.9125 0.5545
-5.0675 0.5545

