botcenter
4
0 -0.001
0.135 -0.001
0.135 0.001
0 0.001

9
botleft
4
-0.6125 -0.001
0 -0.001
0 0.001
-0.6125 0.001

botright
4
0.135 -0.001
0.7475 -0.001
0.7475 0.001
0.135 0.001

lEnv
8
-0.10792 0.3705
-0.07208 0.3705
-0.069695 0.3955
-0.068645 0.4065
-0.06292 0.4665
-0.11708 0.4665
-0.111355 0.4065
-0.110305 0.3955

c1
8
-0.01792 0.3705
0.01792 0.3705
0.020305 0.3955
0.021355 0.4065
0.02708 0.4665
-0.02708 0.4665
-0.021355 0.4065
-0.020305 0.3955

c2
8
0.11708 0.3705
0.15292 0.3705
0.155305 0.3955
0.156355 0.4065
0.16208 0.4665
0.10792 0.4665
0.113645 0.4065
0.114695 0.3955

rEnv
8
0.20708 0.3705
0.24292 0.3705
0.245305 0.3955
0.246355 0.4065
0.25208 0.4665
0.19792 0.4665
0.203645 0.4065
0.204695 0.3955

topleft
4
-0.6125 0.5545
0 0.5545
0 0.6535
-0.6125 0.6535

topcenter
4
0 0.5545
0.135 0.5545
0.135 0.6535
0 0.6535

topright
4
0.135 0.5545
0.7475 0.5545
0.7475 0.6535
0.135 0.6535


24
FOXA+FOXB+TOX
7
-0.6125 0.001
0 0.001
0.135 0.001
0.7475 0.001
0.7476 0.001
0.7476 0.2665
-0.6125 0.2665
4

ILD1a
4
-0.6125 0.2665
0.7476 0.2665
0.7476 0.2765
-0.6125 0.2765
7

ILD1b1+ILD1b2
12
-0.6125 0.2765
0.7476 0.2765
0.7476 0.3705
0.24292 0.3705
0.20708 0.3705
0.15292 0.3705
0.11708 0.3705
0.01792 0.3705
-0.01792 0.3705
-0.07208 0.3705
-0.10792 0.3705
-0.6125 0.3705
4

ILD1b3
4
-0.6125 0.3705
-0.10792 0.3705
-0.110305 0.3955
-0.6125 0.3955
4

ILD1b3
4
-0.07208 0.3705
-0.01792 0.3705
-0.020305 0.3955
-0.069695 0.3955
4

ILD1b3
4
0.01792 0.3705
0.11708 0.3705
0.114695 0.3955
0.020305 0.3955
4

ILD1b3
4
0.15292 0.3705
0.20708 0.3705
0.204695 0.3955
0.155305 0.3955
4

ILD1b3
4
0.24292 0.3705
0.7476 0.3705
0.7476 0.3955
0.245305 0.3955
4

IMD1a
4
-0.6125 0.3955
-0.110305 0.3955
-0.111355 0.4065
-0.6125 0.4065
5.2

IMD1a
4
-0.069695 0.3955
-0.020305 0.3955
-0.021355 0.4065
-0.068645 0.4065
5.2

IMD1a
4
0.020305 0.3955
0.114695 0.3955
0.113645 0.4065
0.021355 0.4065
5.2

IMD1a
4
0.155305 0.3955
0.204695 0.3955
0.203645 0.4065
0.156355 0.4065
5.2

IMD1a
4
0.245305 0.3955
0.7476 0.3955
0.7476 0.4065
0.246355 0.4065
5.2

IMD1b
4
-0.6125 0.4065
-0.111355 0.4065
-0.11708 0.4665
-0.6125 0.4665
2.8

IMD1b
4
-0.068645 0.4065
-0.021355 0.4065
-0.02708 0.4665
-0.06292 0.4665
2.8

IMD1b
4
0.021355 0.4065
0.113645 0.4065
0.10792 0.4665
0.02708 0.4665
2.8

IMD1b
4
0.156355 0.4065
0.203645 0.4065
0.19792 0.4665
0.16208 0.4665
2.8

IMD1b
4
0.246355 0.4065
0.7476 0.4065
0.7476 0.4665
0.25208 0.4665
2.8

IMD2a
12
-0.6125 0.4665
-0.11708 0.4665
-0.06292 0.4665
-0.02708 0.4665
0.02708 0.4665
0.10792 0.4665
0.16208 0.4665
0.19792 0.4665
0.25208 0.4665
0.7476 0.4665
0.7476 0.4875
-0.6125 0.4875
5.2

IMD2b
4
-0.6125 0.4875
0.7476 0.4875
0.7476 0.5025
-0.6125 0.5025
4.2

IMD2c
4
-0.6125 0.5025
0.7476 0.5025
0.7476 0.5265
-0.6125 0.5265
3.28

IMD2d1
5
-0.6125 0.5265
0.7476 0.5265
0.7476 0.5445
0.7475 0.5445
-0.6125 0.5445
2.65

IMD2d1_damage
6
-0.6125 0.5445
0.7475 0.5445
0.7475 0.5545
0.135 0.5545
0 0.5545
-0.6125 0.5545
3.1

IMD2d1
4
0.7475 0.5445
0.7476 0.5445
0.7476 0.5545
0.7475 0.5545
2.65


4
-0.6125 0.001
0.7476 0.001
0.7476 0.5545
-0.6125 0.5545

