botcenter
4
0 -0.001
0.1575 -0.001
0.1575 0.001
0 0.001

9
botleft
4
-0.7475 -0.001
0 -0.001
0 0.001
-0.7475 0.001

botright
4
0.1575 -0.001
0.905 -0.001
0.905 0.001
0.1575 0.001

lEnv
8
-0.24292 0.3705
-0.11708 0.3705
-0.114695 0.3955
-0.113645 0.4065
-0.10792 0.4665
-0.25208 0.4665
-0.246355 0.4065
-0.245305 0.3955

c1
8
-0.06292 0.3705
0.06292 0.3705
0.065305 0.3955
0.066355 0.4065
0.07208 0.4665
-0.07208 0.4665
-0.066355 0.4065
-0.065305 0.3955

c2
8
0.09458 0.3705
0.22042 0.3705
0.222805 0.3955
0.223855 0.4065
0.22958 0.4665
0.08542 0.4665
0.091145 0.4065
0.092195 0.3955

rEnv
8
0.27458 0.3705
0.40042 0.3705
0.402805 0.3955
0.403855 0.4065
0.40958 0.4665
0.26542 0.4665
0.271145 0.4065
0.272195 0.3955

topleft
4
-0.7475 0.5545
0 0.5545
0 0.6535
-0.7475 0.6535

topcenter
4
0 0.5545
0.1575 0.5545
0.1575 0.6535
0 0.6535

topright
4
0.1575 0.5545
0.905 0.5545
0.905 0.6535
0.1575 0.6535


24
FOXA+FOXB+TOX
7
-0.7476 0.001
-0.7475 0.001
0 0.001
0.1575 0.001
0.905 0.001
0.905 0.2665
-0.7476 0.2665
4

ILD1a
4
-0.7476 0.2665
0.905 0.2665
0.905 0.2765
-0.7476 0.2765
7

ILD1b1+ILD1b2
12
-0.7476 0.2765
0.905 0.2765
0.905 0.3705
0.40042 0.3705
0.27458 0.3705
0.22042 0.3705
0.09458 0.3705
0.06292 0.3705
-0.06292 0.3705
-0.11708 0.3705
-0.24292 0.3705
-0.7476 0.3705
4

ILD1b3
4
-0.7476 0.3705
-0.24292 0.3705
-0.245305 0.3955
-0.7476 0.3955
4

ILD1b3
4
-0.11708 0.3705
-0.06292 0.3705
-0.065305 0.3955
-0.114695 0.3955
4

ILD1b3
4
0.06292 0.3705
0.09458 0.3705
0.092195 0.3955
0.065305 0.3955
4

ILD1b3
4
0.22042 0.3705
0.27458 0.3705
0.272195 0.3955
0.222805 0.3955
4

ILD1b3
4
0.40042 0.3705
0.905 0.3705
0.905 0.3955
0.402805 0.3955
4

IMD1a
4
-0.7476 0.3955
-0.245305 0.3955
-0.246355 0.4065
-0.7476 0.4065
5.2

IMD1a
4
-0.114695 0.3955
-0.065305 0.3955
-0.066355 0.4065
-0.113645 0.4065
5.2

IMD1a
4
0.065305 0.3955
0.092195 0.3955
0.091145 0.4065
0.066355 0.4065
5.2

IMD1a
4
0.222805 0.3955
0.272195 0.3955
0.271145 0.4065
0.223855 0.4065
5.2

IMD1a
4
0.402805 0.3955
0.905 0.3955
0.905 0.4065
0.403855 0.4065
5.2

IMD1b
4
-0.7476 0.4065
-0.246355 0.4065
-0.25208 0.4665
-0.7476 0.4665
2.8

IMD1b
4
-0.113645 0.4065
-0.066355 0.4065
-0.07208 0.4665
-0.10792 0.4665
2.8

IMD1b
4
0.066355 0.4065
0.091145 0.4065
0.08542 0.4665
0.07208 0.4665
2.8

IMD1b
4
0.223855 0.4065
0.271145 0.4065
0.26542 0.4665
0.22958 0.4665
2.8

IMD1b
4
0.403855 0.4065
0.905 0.4065
0.905 0.4665
0.40958 0.4665
2.8

IMD2a
12
-0.7476 0.4665
-0.25208 0.4665
-0.10792 0.4665
-0.07208 0.4665
0.07208 0.4665
0.08542 0.4665
0.22958 0.4665
0.26542 0.4665
0.40958 0.4665
0.905 0.4665
0.905 0.4875
-0.7476 0.4875
5.2

IMD2b
4
-0.7476 0.4875
0.905 0.4875
0.905 0.5025
-0.7476 0.5025
4.2

IMD2c
4
-0.7476 0.5025
0.905 0.5025
0.905 0.5265
-0.7476 0.5265
3.28

IMD2d1
5
-0.7476 0.5265
0.905 0.5265
0.905 0.5445
-0.7475 0.5445
-0.7476 0.5445
2.65

IMD2d1
4
-0.7476 0.5445
-0.7475 0.5445
-0.7475 0.5545
-0.7476 0.5545
2.65

IMD2d1_damage
6
-0.7475 0.5445
0.905 0.5445
0.905 0.5545
0.1575 0.5545
0 0.5545
-0.7475 0.5545
3.1


4
-0.7476 0.001
0.905 0.001
0.905 0.5545
-0.7476 0.5545

