botcenter
4
0 -0.001
0.513 -0.001
0.513 0.001
0 0.001

9
botleft
4
-2.165 -0.001
0 -0.001
0 0.001
-2.165 0.001

botright
4
0.513 -0.001
1.3955 -0.001
1.3955 0.001
0.513 0.001

lEnv
8
-1.66042 0.3705
-0.76958 0.3705
-0.767195 0.3955
-0.766145 0.4065
-0.76042 0.4665
-1.66958 0.4665
-1.663855 0.4065
-1.662805 0.3955

c1
8
-0.44542 0.3705
0.44542 0.3705
0.447805 0.3955
0.448855 0.4065
0.45458 0.4665
-0.45458 0.4665
-0.448855 0.4065
-0.447805 0.3955

c2
8
0.49508 0.3705
0.53092 0.3705
0.533305 0.3955
0.534355 0.4065
0.54008 0.4665
0.48592 0.4665
0.491645 0.4065
0.492695 0.3955

rEnv
8
0.85508 0.3705
0.89092 0.3705
0.893305 0.3955
0.894355 0.4065
0.90008 0.4665
0.84592 0.4665
0.851645 0.4065
0.852695 0.3955

topleft
4
-2.165 0.5545
0 0.5545
0 0.6535
-2.165 0.6535

topcenter
4
0 0.5545
0.513 0.5545
0.513 0.6535
0 0.6535

topright
4
0.513 0.5545
1.3955 0.5545
1.3955 0.6535
0.513 0.6535


23
FOXA+FOXB+TOX
6
-2.165 0.001
0 0.001
0.513 0.001
1.3955 0.001
1.3955 0.2665
-2.165 0.2665
4

ILD1a
4
-2.165 0.2665
1.3955 0.2665
1.3955 0.2765
-2.165 0.2765
7

ILD1b1+ILD1b2
12
-2.165 0.2765
1.3955 0.2765
1.3955 0.3705
0.89092 0.3705
0.85508 0.3705
0.53092 0.3705
0.49508 0.3705
0.44542 0.3705
-0.44542 0.3705
-0.76958 0.3705
-1.66042 0.3705
-2.165 0.3705
4

ILD1b3
4
-2.165 0.3705
-1.66042 0.3705
-1.662805 0.3955
-2.165 0.3955
4

ILD1b3
4
-0.76958 0.3705
-0.44542 0.3705
-0.447805 0.3955
-0.767195 0.3955
4

ILD1b3
4
0.44542 0.3705
0.49508 0.3705
0.492695 0.3955
0.447805 0.3955
4

ILD1b3
4
0.53092 0.3705
0.85508 0.3705
0.852695 0.3955
0.533305 0.3955
4

ILD1b3
4
0.89092 0.3705
1.3955 0.3705
1.3955 0.3955
0.893305 0.3955
4

IMD1a
4
-2.165 0.3955
-1.662805 0.3955
-1.663855 0.4065
-2.165 0.4065
5.2

IMD1a
4
-0.767195 0.3955
-0.447805 0.3955
-0.448855 0.4065
-0.766145 0.4065
5.2

IMD1a
4
0.447805 0.3955
0.492695 0.3955
0.491645 0.4065
0.448855 0.4065
5.2

IMD1a
4
0.533305 0.3955
0.852695 0.3955
0.851645 0.4065
0.534355 0.4065
5.2

IMD1a
4
0.893305 0.3955
1.3955 0.3955
1.3955 0.4065
0.894355 0.4065
5.2

IMD1b
4
-2.165 0.4065
-1.663855 0.4065
-1.66958 0.4665
-2.165 0.4665
2.8

IMD1b
4
-0.766145 0.4065
-0.448855 0.4065
-0.45458 0.4665
-0.76042 0.4665
2.8

IMD1b
4
0.448855 0.4065
0.491645 0.4065
0.48592 0.4665
0.45458 0.4665
2.8

IMD1b
4
0.534355 0.4065
0.851645 0.4065
0.84592 0.4665
0.54008 0.4665
2.8

IMD1b
4
0.894355 0.4065
1.3955 0.4065
1.3955 0.4665
0.90008 0.4665
2.8

IMD2a
12
-2.165 0.4665
-1.66958 0.4665
-0.76042 0.4665
-0.45458 0.4665
0.45458 0.4665
0.48592 0.4665
0.54008 0.4665
0.84592 0.4665
0.90008 0.4665
1.3955 0.4665
1.3955 0.4875
-2.165 0.4875
5.2

IMD2b
4
-2.165 0.4875
1.3955 0.4875
1.3955 0.5025
-2.165 0.5025
4.2

IMD2c
4
-2.165 0.5025
1.3955 0.5025
1.3955 0.5265
-2.165 0.5265
3.28

IMD2d1
4
-2.165 0.5265
1.3955 0.5265
1.3955 0.5445
-2.165 0.5445
2.65

IMD2d1_damage
6
-2.165 0.5445
1.3955 0.5445
1.3955 0.5545
0.513 0.5545
0 0.5545
-2.165 0.5545
3.1


4
-2.165 0.001
1.3955 0.001
1.3955 0.5545
-2.165 0.5545

