botcenter
4
0 -0.001
4.545 -0.001
4.545 0.001
0 0.001

4
botleft
4
-5.0675 -0.001
0 -0.001
0 0.001
-5.0675 0.001

c1
8
-0.01792 0.3705
0.01792 0.3705
0.020305 0.3955
0.021355 0.4065
0.02708 0.4665
-0.02708 0.4665
-0.021355 0.4065
-0.020305 0.3955

topleft
4
-5.0675 0.5545
0 0.5545
0 0.6535
-5.0675 0.6535

topcenter
4
0 0.5545
4.545 0.5545
4.545 0.6535
0 0.6535


15
FOXA+FOXB+TOX
6
-5.0675 0.001
0 0.001
4.545 0.001
9.6125 0.001
9.6125 0.2665
-5.0675 0.2665
4

ILD1a
4
-5.0675 0.2665
9.6125 0.2665
9.6125 0.2765
-5.0675 0.2765
7

ILD1b1+ILD1b2
6
-5.0675 0.2765
9.6125 0.2765
9.6125 0.3705
0.01792 0.3705
-0.01792 0.3705
-5.0675 0.3705
4

ILD1b3
4
-5.0675 0.3705
-0.01792 0.3705
-0.020305 0.3955
-5.0675 0.3955
4

ILD1b3
4
0.01792 0.3705
9.6125 0.3705
9.6125 0.3955
0.020305 0.3955
4

IMD1a
4
-5.0675 0.3955
-0.020305 0.3955
-0.021355 0.4065
-5.0675 0.4065
5.2

IMD1a
4
0.020305 0.3955
9.6125 0.3955
9.6125 0.4065
0.021355 0.4065
5.2

IMD1b
4
-5.0675 0.4065
-0.021355 0.4065
-0.02708 0.4665
-5.0675 0.4665
2.8

IMD1b
4
0.021355 0.4065
9.6125 0.4065
9.6125 0.4665
0.02708 0.4665
2.8

IMD2a
6
-5.0675 0.4665
-0.02708 0.4665
0.02708 0.4665
9.6125 0.4665
9.6125 0.4875
-5.0675 0.4875
5.2

IMD2b
4
-5.0675 0.4875
9.6125 0.4875
9.6125 0.5025
-5.0675 0.5025
4.2

IMD2c
4
-5.0675 0.5025
9.6125 0.5025
9.6125 0.5265
-5.0675 0.5265
3.28

IMD2d1
5
-5.0675 0.5265
9.6125 0.5265
9.6125 0.5445
4.545 0.5445
-5.0675 0.5445
2.65

IMD2d1_damage
5
-5.0675 0.5445
4.545 0.5445
4.545 0.5545
0 0.5545
-5.0675 0.5545
3.1

IMD2d1
4
4.545 0.5445
9.6125 0.5445
9.6125 0.5545
4.545 0.5545
2.65


4
-5.0675 0.001
9.6125 0.001
9.6125 0.5545
-5.0675 0.5545

