botcenter
4
0 -0.001
0.495 -0.001
0.495 0.001
0 0.001

9
botleft
4
-0.8825 -0.001
0 -0.001
0 0.001
-0.8825 0.001

botright
4
0.495 -0.001
2.66 -0.001
2.66 0.001
0.495 0.001

lEnv
8
-0.37792 0.3705
-0.34208 0.3705
-0.339695 0.3955
-0.338645 0.4065
-0.33292 0.4665
-0.38708 0.4665
-0.381355 0.4065
-0.380305 0.3955

c1
8
-0.01792 0.3705
0.01792 0.3705
0.020305 0.3955
0.021355 0.4065
0.02708 0.4665
-0.02708 0.4665
-0.021355 0.4065
-0.020305 0.3955

c2
8
0.04958 0.3705
0.94042 0.3705
0.942805 0.3955
0.943855 0.4065
0.94958 0.4665
0.04042 0.4665
0.046145 0.4065
0.047195 0.3955

rEnv
8
1.26458 0.3705
2.15542 0.3705
2.157805 0.3955
2.158855 0.4065
2.16458 0.4665
1.25542 0.4665
1.261145 0.4065
1.262195 0.3955

topleft
4
-0.8825 0.5545
0 0.5545
0 0.6535
-0.8825 0.6535

topcenter
4
0 0.5545
0.495 0.5545
0.495 0.6535
0 0.6535

topright
4
0.495 0.5545
2.66 0.5545
2.66 0.6535
0.495 0.6535


23
FOXA+FOXB+TOX
6
-0.8825 0.001
0 0.001
0.495 0.001
2.66 0.001
2.66 0.2665
-0.8825 0.2665
4

ILD1a
4
-0.8825 0.2665
2.66 0.2665
2.66 0.2765
-0.8825 0.2765
7

ILD1b1+ILD1b2
12
-0.8825 0.2765
2.66 0.2765
2.66 0.3705
2.15542 0.3705
1.26458 0.3705
0.94042 0.3705
0.04958 0.3705
0.01792 0.3705
-0.01792 0.3705
-0.34208 0.3705
-0.37792 0.3705
-0.8825 0.3705
4

ILD1b3
4
-0.8825 0.3705
-0.37792 0.3705
-0.380305 0.3955
-0.8825 0.3955
4

ILD1b3
4
-0.34208 0.3705
-0.01792 0.3705
-0.020305 0.3955
-0.339695 0.3955
4

ILD1b3
4
0.01792 0.3705
0.04958 0.3705
0.047195 0.3955
0.020305 0.3955
4

ILD1b3
4
0.94042 0.3705
1.26458 0.3705
1.262195 0.3955
0.942805 0.3955
4

ILD1b3
4
2.15542 0.3705
2.66 0.3705
2.66 0.3955
2.157805 0.3955
4

IMD1a
4
-0.8825 0.3955
-0.380305 0.3955
-0.381355 0.4065
-0.8825 0.4065
5.2

IMD1a
4
-0.339695 0.3955
-0.020305 0.3955
-0.021355 0.4065
-0.338645 0.4065
5.2

IMD1a
4
0.020305 0.3955
0.047195 0.3955
0.046145 0.4065
0.021355 0.4065
5.2

IMD1a
4
0.942805 0.3955
1.262195 0.3955
1.261145 0.4065
0.943855 0.4065
5.2

IMD1a
4
2.157805 0.3955
2.66 0.3955
2.66 0.4065
2.158855 0.4065
5.2

IMD1b
4
-0.8825 0.4065
-0.381355 0.4065
-0.38708 0.4665
-0.8825 0.4665
2.8

IMD1b
4
-0.338645 0.4065
-0.021355 0.4065
-0.02708 0.4665
-0.33292 0.4665
2.8

IMD1b
4
0.021355 0.4065
0.046145 0.4065
0.04042 0.4665
0.02708 0.4665
2.8

IMD1b
4
0.943855 0.4065
1.261145 0.4065
1.25542 0.4665
0.94958 0.4665
2.8

IMD1b
4
2.158855 0.4065
2.66 0.4065
2.66 0.4665
2.16458 0.4665
2.8

IMD2a
12
-0.8825 0.4665
-0.38708 0.4665
-0.33292 0.4665
-0.02708 0.4665
0.02708 0.4665
0.04042 0.4665
0.94958 0.4665
1.25542 0.4665
2.16458 0.4665
2.66 0.4665
2.66 0.4875
-0.8825 0.4875
5.2

IMD2b
4
-0.8825 0.4875
2.66 0.4875
2.66 0.5025
-0.8825 0.5025
4.2

IMD2c
4
-0.8825 0.5025
2.66 0.5025
2.66 0.5265
-0.8825 0.5265
3.28

IMD2d1
4
-0.8825 0.5265
2.66 0.5265
2.66 0.5445
-0.8825 0.5445
2.65

IMD2d1_damage
6
-0.8825 0.5445
2.66 0.5445
2.66 0.5545
0.495 0.5545
0 0.5545
-0.8825 0.5545
3.1


4
-0.8825 0.001
2.66 0.001
2.66 0.5545
-0.8825 0.5545

