botcenter
4
0 -0.001
4.9725 -0.001
4.9725 0.001
0 0.001

5
botleft
4
-1.895 -0.001
0 -0.001
0 0.001
-1.895 0.001

lEnv
8
-1.39042 0.3705
-0.49958 0.3705
-0.497195 0.3955
-0.496145 0.4065
-0.49042 0.4665
-1.39958 0.4665
-1.393855 0.4065
-1.392805 0.3955

c1
8
-0.44542 0.3705
0.44542 0.3705
0.447805 0.3955
0.448855 0.4065
0.45458 0.4665
-0.45458 0.4665
-0.448855 0.4065
-0.447805 0.3955

topleft
4
-1.895 0.5545
0 0.5545
0 0.6535
-1.895 0.6535

topcenter
4
0 0.5545
4.9725 0.5545
4.9725 0.6535
0 0.6535


18
FOXA+FOXB+TOX
6
-1.895 0.001
0 0.001
4.9725 0.001
5.585 0.001
5.585 0.2665
-1.895 0.2665
4

ILD1a
4
-1.895 0.2665
5.585 0.2665
5.585 0.2765
-1.895 0.2765
7

ILD1b1+ILD1b2
8
-1.895 0.2765
5.585 0.2765
5.585 0.3705
0.44542 0.3705
-0.44542 0.3705
-0.49958 0.3705
-1.39042 0.3705
-1.895 0.3705
4

ILD1b3
4
-1.895 0.3705
-1.39042 0.3705
-1.392805 0.3955
-1.895 0.3955
4

ILD1b3
4
-0.49958 0.3705
-0.44542 0.3705
-0.447805 0.3955
-0.497195 0.3955
4

ILD1b3
4
0.44542 0.3705
5.585 0.3705
5.585 0.3955
0.447805 0.3955
4

IMD1a
4
-1.895 0.3955
-1.392805 0.3955
-1.393855 0.4065
-1.895 0.4065
5.2

IMD1a
4
-0.497195 0.3955
-0.447805 0.3955
-0.448855 0.4065
-0.496145 0.4065
5.2

IMD1a
4
0.447805 0.3955
5.585 0.3955
5.585 0.4065
0.448855 0.4065
5.2

IMD1b
4
-1.895 0.4065
-1.393855 0.4065
-1.39958 0.4665
-1.895 0.4665
2.8

IMD1b
4
-0.496145 0.4065
-0.448855 0.4065
-0.45458 0.4665
-0.49042 0.4665
2.8

IMD1b
4
0.448855 0.4065
5.585 0.4065
5.585 0.4665
0.45458 0.4665
2.8

IMD2a
8
-1.895 0.4665
-1.39958 0.4665
-0.49042 0.4665
-0.45458 0.4665
0.45458 0.4665
5.585 0.4665
5.585 0.4875
-1.895 0.4875
5.2

IMD2b
4
-1.895 0.4875
5.585 0.4875
5.585 0.5025
-1.895 0.5025
4.2

IMD2c
4
-1.895 0.5025
5.585 0.5025
5.585 0.5265
-1.895 0.5265
3.28

IMD2d1
5
-1.895 0.5265
5.585 0.5265
5.585 0.5445
4.9725 0.5445
-1.895 0.5445
2.65

IMD2d1_damage
5
-1.895 0.5445
4.9725 0.5445
4.9725 0.5545
0 0.5545
-1.895 0.5545
3.1

IMD2d1
4
4.9725 0.5445
5.585 0.5445
5.585 0.5545
4.9725 0.5545
2.65


4
-1.895 0.001
5.585 0.001
5.585 0.5545
-1.895 0.5545

