c1
8
-0.01792 0.3705
0.01792 0.3705
0.020305 0.3955
0.021355 0.4065
0.02708 0.4665
-0.02708 0.4665
-0.021355 0.4065
-0.020305 0.3955

7
botleft
4
-0.8825 -0.001
0 -0.001
0 0.001
-0.8825 0.001

botright
4
0 -0.001
1.4225 -0.001
1.4225 0.001
0 0.001

lEnv
8
-0.37792 0.3705
-0.34208 0.3705
-0.339695 0.3955
-0.338645 0.4065
-0.33292 0.4665
-0.38708 0.4665
-0.381355 0.4065
-0.380305 0.3955

c2
8
0.34208 0.3705
0.46792 0.3705
0.470305 0.3955
0.471355 0.4065
0.47708 0.4665
0.33292 0.4665
0.338645 0.4065
0.339695 0.3955

rEnv
8
0.79208 0.3705
0.91792 0.3705
0.920305 0.3955
0.921355 0.4065
0.92708 0.4665
0.78292 0.4665
0.788645 0.4065
0.789695 0.3955

topleft
4
-0.8825 0.5545
0 0.5545
0 0.6535
-0.8825 0.6535

topright
4
0 0.5545
1.4225 0.5545
1.4225 0.6535
0 0.6535


24
FOXA+FOXB+TOX
6
-0.8825 0.001
0 0.001
1.4225 0.001
1.4226 0.001
1.4226 0.2665
-0.8825 0.2665
4

ILD1a
4
-0.8825 0.2665
1.4226 0.2665
1.4226 0.2765
-0.8825 0.2765
7

ILD1b1+ILD1b2
12
-0.8825 0.2765
1.4226 0.2765
1.4226 0.3705
0.91792 0.3705
0.79208 0.3705
0.46792 0.3705
0.34208 0.3705
0.01792 0.3705
-0.01792 0.3705
-0.34208 0.3705
-0.37792 0.3705
-0.8825 0.3705
4

ILD1b3
4
-0.8825 0.3705
-0.37792 0.3705
-0.380305 0.3955
-0.8825 0.3955
4

ILD1b3
4
-0.34208 0.3705
-0.01792 0.3705
-0.020305 0.3955
-0.339695 0.3955
4

ILD1b3
4
0.01792 0.3705
0.34208 0.3705
0.339695 0.3955
0.020305 0.3955
4

ILD1b3
4
0.46792 0.3705
0.79208 0.3705
0.789695 0.3955
0.470305 0.3955
4

ILD1b3
4
0.91792 0.3705
1.4226 0.3705
1.4226 0.3955
0.920305 0.3955
4

IMD1a
4
-0.8825 0.3955
-0.380305 0.3955
-0.381355 0.4065
-0.8825 0.4065
5.2

IMD1a
4
-0.339695 0.3955
-0.020305 0.3955
-0.021355 0.4065
-0.338645 0.4065
5.2

IMD1a
4
0.020305 0.3955
0.339695 0.3955
0.338645 0.4065
0.021355 0.4065
5.2

IMD1a
4
0.470305 0.3955
0.789695 0.3955
0.788645 0.4065
0.471355 0.4065
5.2

IMD1a
4
0.920305 0.3955
1.4226 0.3955
1.4226 0.4065
0.921355 0.4065
5.2

IMD1b
4
-0.8825 0.4065
-0.381355 0.4065
-0.38708 0.4665
-0.8825 0.4665
2.8

IMD1b
4
-0.338645 0.4065
-0.021355 0.4065
-0.02708 0.4665
-0.33292 0.4665
2.8

IMD1b
4
0.021355 0.4065
0.338645 0.4065
0.33292 0.4665
0.02708 0.4665
2.8

IMD1b
4
0.471355 0.4065
0.788645 0.4065
0.78292 0.4665
0.47708 0.4665
2.8

IMD1b
4
0.921355 0.4065
1.4226 0.4065
1.4226 0.4665
0.92708 0.4665
2.8

IMD2a
12
-0.8825 0.4665
-0.38708 0.4665
-0.33292 0.4665
-0.02708 0.4665
0.02708 0.4665
0.33292 0.4665
0.47708 0.4665
0.78292 0.4665
0.92708 0.4665
1.4226 0.4665
1.4226 0.4875
-0.8825 0.4875
5.2

IMD2b
4
-0.8825 0.4875
1.4226 0.4875
1.4226 0.5025
-0.8825 0.5025
4.2

IMD2c
4
-0.8825 0.5025
1.4226 0.5025
1.4226 0.5265
-0.8825 0.5265
3.28

IMD2d1
5
-0.8825 0.5265
1.4226 0.5265
1.4226 0.5445
1.4225 0.5445
-0.8825 0.5445
2.65

IMD2d1_damage
5
-0.8825 0.5445
1.4225 0.5445
1.4225 0.5545
0 0.5545
-0.8825 0.5545
3.1

IMD2d1
4
1.4225 0.5445
1.4226 0.5445
1.4226 0.5545
1.4225 0.5545
2.65


4
-0.8825 0.001
1.4226 0.001
1.4226 0.5545
-0.8825 0.5545

