botcenter
4
0 -0.001
0.5175 -0.001
0.5175 0.001
0 0.001

9
botleft
4
-0.6125 -0.001
0 -0.001
0 0.001
-0.6125 0.001

botright
4
0.5175 -0.001
2.4125 -0.001
2.4125 0.001
0.5175 0.001

lEnv
8
-0.10792 0.3705
-0.07208 0.3705
-0.069695 0.3955
-0.068645 0.4065
-0.06292 0.4665
-0.11708 0.4665
-0.111355 0.4065
-0.110305 0.3955

c1
8
-0.01792 0.3705
0.01792 0.3705
0.020305 0.3955
0.021355 0.4065
0.02708 0.4665
-0.02708 0.4665
-0.021355 0.4065
-0.020305 0.3955

c2
8
0.07208 0.3705
0.96292 0.3705
0.965305 0.3955
0.966355 0.4065
0.97208 0.4665
0.06292 0.4665
0.068645 0.4065
0.069695 0.3955

rEnv
8
1.01708 0.3705
1.90792 0.3705
1.910305 0.3955
1.911355 0.4065
1.91708 0.4665
1.00792 0.4665
1.013645 0.4065
1.014695 0.3955

topleft
4
-0.6125 0.5545
0 0.5545
0 0.6535
-0.6125 0.6535

topcenter
4
0 0.5545
0.5175 0.5545
0.5175 0.6535
0 0.6535

topright
4
0.5175 0.5545
2.4125 0.5545
2.4125 0.6535
0.5175 0.6535


23
FOXA+FOXB+TOX
6
-0.6125 0.001
0 0.001
0.5175 0.001
2.4125 0.001
2.4125 0.2665
-0.6125 0.2665
4

ILD1a
4
-0.6125 0.2665
2.4125 0.2665
2.4125 0.2765
-0.6125 0.2765
7

ILD1b1+ILD1b2
12
-0.6125 0.2765
2.4125 0.2765
2.4125 0.3705
1.90792 0.3705
1.01708 0.3705
0.96292 0.3705
0.07208 0.3705
0.01792 0.3705
-0.01792 0.3705
-0.07208 0.3705
-0.10792 0.3705
-0.6125 0.3705
4

ILD1b3
4
-0.6125 0.3705
-0.10792 0.3705
-0.110305 0.3955
-0.6125 0.3955
4

ILD1b3
4
-0.07208 0.3705
-0.01792 0.3705
-0.020305 0.3955
-0.069695 0.3955
4

ILD1b3
4
0.01792 0.3705
0.07208 0.3705
0.069695 0.3955
0.020305 0.3955
4

ILD1b3
4
0.96292 0.3705
1.01708 0.3705
1.014695 0.3955
0.965305 0.3955
4

ILD1b3
4
1.90792 0.3705
2.4125 0.3705
2.4125 0.3955
1.910305 0.3955
4

IMD1a
4
-0.6125 0.3955
-0.110305 0.3955
-0.111355 0.4065
-0.6125 0.4065
5.2

IMD1a
4
-0.069695 0.3955
-0.020305 0.3955
-0.021355 0.4065
-0.068645 0.4065
5.2

IMD1a
4
0.020305 0.3955
0.069695 0.3955
0.068645 0.4065
0.021355 0.4065
5.2

IMD1a
4
0.965305 0.3955
1.014695 0.3955
1.013645 0.4065
0.966355 0.4065
5.2

IMD1a
4
1.910305 0.3955
2.4125 0.3955
2.4125 0.4065
1.911355 0.4065
5.2

IMD1b
4
-0.6125 0.4065
-0.111355 0.4065
-0.11708 0.4665
-0.6125 0.4665
2.8

IMD1b
4
-0.068645 0.4065
-0.021355 0.4065
-0.02708 0.4665
-0.06292 0.4665
2.8

IMD1b
4
0.021355 0.4065
0.068645 0.4065
0.06292 0.4665
0.02708 0.4665
2.8

IMD1b
4
0.966355 0.4065
1.013645 0.4065
1.00792 0.4665
0.97208 0.4665
2.8

IMD1b
4
1.911355 0.4065
2.4125 0.4065
2.4125 0.4665
1.91708 0.4665
2.8

IMD2a
12
-0.6125 0.4665
-0.11708 0.4665
-0.06292 0.4665
-0.02708 0.4665
0.02708 0.4665
0.06292 0.4665
0.97208 0.4665
1.00792 0.4665
1.91708 0.4665
2.4125 0.4665
2.4125 0.4875
-0.6125 0.4875
5.2

IMD2b
4
-0.6125 0.4875
2.4125 0.4875
2.4125 0.5025
-0.6125 0.5025
4.2

IMD2c
4
-0.6125 0.5025
2.4125 0.5025
2.4125 0.5265
-0.6125 0.5265
3.28

IMD2d1
4
-0.6125 0.5265
2.4125 0.5265
2.4125 0.5445
-0.6125 0.5445
2.65

IMD2d1_damage
6
-0.6125 0.5445
2.4125 0.5445
2.4125 0.5545
0.5175 0.5545
0 0.5545
-0.6125 0.5545
3.1


4
-0.6125 0.001
2.4125 0.001
2.4125 0.5545
-0.6125 0.5545

