c1
8
-0.06292 0.3705
0.06292 0.3705
0.065305 0.3955
0.066355 0.4065
0.07208 0.4665
-0.07208 0.4665
-0.066355 0.4065
-0.065305 0.3955

7
botleft
4
-1.0175 -0.001
0 -0.001
0 0.001
-1.0175 0.001

botright
4
0 -0.001
1.6025 -0.001
1.6025 0.001
0 0.001

lEnv
8
-0.51292 0.3705
-0.38708 0.3705
-0.384695 0.3955
-0.383645 0.4065
-0.37792 0.4665
-0.52208 0.4665
-0.516355 0.4065
-0.515305 0.3955

c2
8
0.70208 0.3705
0.73792 0.3705
0.740305 0.3955
0.741355 0.4065
0.74708 0.4665
0.69292 0.4665
0.698645 0.4065
0.699695 0.3955

rEnv
8
1.06208 0.3705
1.09792 0.3705
1.100305 0.3955
1.101355 0.4065
1.10708 0.4665
1.05292 0.4665
1.058645 0.4065
1.059695 0.3955

topleft
4
-1.0175 0.5545
0 0.5545
0 0.6535
-1.0175 0.6535

topright
4
0 0.5545
1.6025 0.5545
1.6025 0.6535
0 0.6535


23
FOXA+FOXB+TOX
5
-1.0175 0.001
0 0.001
1.6025 0.001
1.6025 0.2665
-1.0175 0.2665
4

ILD1a
4
-1.0175 0.2665
1.6025 0.2665
1.6025 0.2765
-1.0175 0.2765
7

ILD1b1+ILD1b2
12
-1.0175 0.2765
1.6025 0.2765
1.6025 0.3705
1.09792 0.3705
1.06208 0.3705
0.73792 0.3705
0.70208 0.3705
0.06292 0.3705
-0.06292 0.3705
-0.38708 0.3705
-0.51292 0.3705
-1.0175 0.3705
4

ILD1b3
4
-1.0175 0.3705
-0.51292 0.3705
-0.515305 0.3955
-1.0175 0.3955
4

ILD1b3
4
-0.38708 0.3705
-0.06292 0.3705
-0.065305 0.3955
-0.384695 0.3955
4

ILD1b3
4
0.06292 0.3705
0.70208 0.3705
0.699695 0.3955
0.065305 0.3955
4

ILD1b3
4
0.73792 0.3705
1.06208 0.3705
1.059695 0.3955
0.740305 0.3955
4

ILD1b3
4
1.09792 0.3705
1.6025 0.3705
1.6025 0.3955
1.100305 0.3955
4

IMD1a
4
-1.0175 0.3955
-0.515305 0.3955
-0.516355 0.4065
-1.0175 0.4065
5.2

IMD1a
4
-0.384695 0.3955
-0.065305 0.3955
-0.066355 0.4065
-0.383645 0.4065
5.2

IMD1a
4
0.065305 0.3955
0.699695 0.3955
0.698645 0.4065
0.066355 0.4065
5.2

IMD1a
4
0.740305 0.3955
1.059695 0.3955
1.058645 0.4065
0.741355 0.4065
5.2

IMD1a
4
1.100305 0.3955
1.6025 0.3955
1.6025 0.4065
1.101355 0.4065
5.2

IMD1b
4
-1.0175 0.4065
-0.516355 0.4065
-0.52208 0.4665
-1.0175 0.4665
2.8

IMD1b
4
-0.383645 0.4065
-0.066355 0.4065
-0.07208 0.4665
-0.37792 0.4665
2.8

IMD1b
4
0.066355 0.4065
0.698645 0.4065
0.69292 0.4665
0.07208 0.4665
2.8

IMD1b
4
0.741355 0.4065
1.058645 0.4065
1.05292 0.4665
0.74708 0.4665
2.8

IMD1b
4
1.101355 0.4065
1.6025 0.4065
1.6025 0.4665
1.10708 0.4665
2.8

IMD2a
12
-1.0175 0.4665
-0.52208 0.4665
-0.37792 0.4665
-0.07208 0.4665
0.07208 0.4665
0.69292 0.4665
0.74708 0.4665
1.05292 0.4665
1.10708 0.4665
1.6025 0.4665
1.6025 0.4875
-1.0175 0.4875
5.2

IMD2b
4
-1.0175 0.4875
1.6025 0.4875
1.6025 0.5025
-1.0175 0.5025
4.2

IMD2c
4
-1.0175 0.5025
1.6025 0.5025
1.6025 0.5265
-1.0175 0.5265
3.28

IMD2d1
4
-1.0175 0.5265
1.6025 0.5265
1.6025 0.5445
-1.0175 0.5445
2.65

IMD2d1_damage
5
-1.0175 0.5445
1.6025 0.5445
1.6025 0.5545
0 0.5545
-1.0175 0.5545
3.1


4
-1.0175 0.001
1.6025 0.001
1.6025 0.5545
-1.0175 0.5545

