c1
8
-0.44542 0.3705
0.44542 0.3705
0.447805 0.3955
0.448855 0.4065
0.45458 0.4665
-0.45458 0.4665
-0.448855 0.4065
-0.447805 0.3955

10
botleft
4
-2.165 -0.001
0 -0.001
0 0.001
-2.165 0.001

botright
4
0 -0.001
3.1055 -0.001
3.1055 0.001
0 0.001

lbEnv
8
-1.66042 0.3705
-0.76958 0.3705
-0.767195 0.3955
-0.766145 0.4065
-0.76042 0.4665
-1.66958 0.4665
-1.663855 0.4065
-1.662805 0.3955

c3
8
0.49508 0.3705
1.38592 0.3705
1.388305 0.3955
1.389355 0.4065
1.39508 0.4665
0.48592 0.4665
0.491645 0.4065
0.492695 0.3955

rbEnv
8
1.71008 0.3705
2.60092 0.3705
2.603305 0.3955
2.604355 0.4065
2.61008 0.4665
1.70092 0.4665
1.706645 0.4065
1.707695 0.3955

ltEnv
4
-0.37951 0.7415
-0.34049 0.7415
-0.33451 0.8405
-0.38549 0.8405

c2left
4
-0.01951 0.7415
0 0.7415
0 0.8405
-0.02549 0.8405

c2
4
0 0.7415
0.01951 0.7415
0.02549 0.8405
0 0.8405

c4
4
0.06599 0.7415
0.10501 0.7415
0.11099 0.8405
0.06001 0.8405

rtEnv
4
0.42599 0.7415
0.46501 0.7415
0.47099 0.8405
0.42001 0.8405


70
FOXA+FOXB+TOX
5
-2.165 0.001
0 0.001
3.1055 0.001
3.1055 0.2665
-2.165 0.2665
4

ILD1a
4
-2.165 0.2665
3.1055 0.2665
3.1055 0.2765
-2.165 0.2765
7

ILD1b1+ILD1b2
12
-2.165 0.2765
3.1055 0.2765
3.1055 0.3705
2.60092 0.3705
1.71008 0.3705
1.38592 0.3705
0.49508 0.3705
0.44542 0.3705
-0.44542 0.3705
-0.76958 0.3705
-1.66042 0.3705
-2.165 0.3705
4

ILD1b3
4
-2.165 0.3705
-1.66042 0.3705
-1.662805 0.3955
-2.165 0.3955
4

ILD1b3
4
-0.76958 0.3705
-0.44542 0.3705
-0.447805 0.3955
-0.767195 0.3955
4

ILD1b3
4
0.44542 0.3705
0.49508 0.3705
0.492695 0.3955
0.447805 0.3955
4

ILD1b3
4
1.38592 0.3705
1.71008 0.3705
1.707695 0.3955
1.388305 0.3955
4

ILD1b3
4
2.60092 0.3705
3.1055 0.3705
3.1055 0.3955
2.603305 0.3955
4

IMD1a
4
-2.165 0.3955
-1.662805 0.3955
-1.663855 0.4065
-2.165 0.4065
5.2

IMD1a
4
-0.767195 0.3955
-0.447805 0.3955
-0.448855 0.4065
-0.766145 0.4065
5.2

IMD1a
4
0.447805 0.3955
0.492695 0.3955
0.491645 0.4065
0.448855 0.4065
5.2

IMD1a
4
1.388305 0.3955
1.707695 0.3955
1.706645 0.4065
1.389355 0.4065
5.2

IMD1a
4
2.603305 0.3955
3.1055 0.3955
3.1055 0.4065
2.604355 0.4065
5.2

IMD1b
4
-2.165 0.4065
-1.663855 0.4065
-1.66958 0.4665
-2.165 0.4665
2.8

IMD1b
4
-0.766145 0.4065
-0.448855 0.4065
-0.45458 0.4665
-0.76042 0.4665
2.8

IMD1b
4
0.448855 0.4065
0.491645 0.4065
0.48592 0.4665
0.45458 0.4665
2.8

IMD1b
4
1.389355 0.4065
1.706645 0.4065
1.70092 0.4665
1.39508 0.4665
2.8

IMD1b
4
2.604355 0.4065
3.1055 0.4065
3.1055 0.4665
2.61008 0.4665
2.8

IMD2a
12
-2.165 0.4665
-1.66958 0.4665
-0.76042 0.4665
-0.45458 0.4665
0.45458 0.4665
0.48592 0.4665
1.39508 0.4665
1.70092 0.4665
2.61008 0.4665
3.1055 0.4665
3.1055 0.4875
-2.165 0.4875
5.2

IMD2b
4
-2.165 0.4875
3.1055 0.4875
3.1055 0.5025
-2.165 0.5025
4.2

IMD2c
4
-2.165 0.5025
3.1055 0.5025
3.1055 0.5265
-2.165 0.5265
3.28

IMD2d1+IMD2d2
4
-2.165 0.5265
3.1055 0.5265
3.1055 0.6535
-2.165 0.6535
2.65

IMD3a
4
-2.165 0.6535
3.1055 0.6535
3.1055 0.6745
-2.165 0.6745
5.2

IMD3b
4
-2.165 0.6745
3.1055 0.6745
3.1055 0.6895
-2.165 0.6895
4.2

IMD3c
4
-2.165 0.6895
3.1055 0.6895
3.1055 0.7135
-2.165 0.7135
3.28

IMD3d1
12
-2.165 0.7135
3.1055 0.7135
3.1055 0.7315
0.474424 0.7315
0.416576 0.7315
0.114424 0.7315
0.056576 0.7315
0.028924 0.7315
-0.028924 0.7315
-0.331076 0.7315
-0.388924 0.7315
-2.165 0.7315
2.65

IMD3d1
4
-2.165 0.7315
-0.388924 0.7315
-0.389528 0.7415
-2.165 0.7415
2.65

IMD3d1_damage
8
-0.388924 0.7315
-0.331076 0.7315
-0.330472 0.7415
-0.335481 0.7415
-0.34049 0.7415
-0.37951 0.7415
-0.384519 0.7415
-0.389528 0.7415
3.1

IMD3d1
4
-0.331076 0.7315
-0.028924 0.7315
-0.029528 0.7415
-0.330472 0.7415
2.65

IMD3d1_damage
9
-0.028924 0.7315
0.028924 0.7315
0.029528 0.7415
0.024519 0.7415
0.01951 0.7415
0 0.7415
-0.01951 0.7415
-0.024519 0.7415
-0.029528 0.7415
3.1

IMD3d1
4
0.028924 0.7315
0.056576 0.7315
0.055972 0.7415
0.029528 0.7415
2.65

IMD3d1_damage
8
0.056576 0.7315
0.114424 0.7315
0.115028 0.7415
0.110019 0.7415
0.10501 0.7415
0.06599 0.7415
0.060981 0.7415
0.055972 0.7415
3.1

IMD3d1
4
0.114424 0.7315
0.416576 0.7315
0.415972 0.7415
0.115028 0.7415
2.65

IMD3d1_damage
8
0.416576 0.7315
0.474424 0.7315
0.475028 0.7415
0.470019 0.7415
0.46501 0.7415
0.42599 0.7415
0.420981 0.7415
0.415972 0.7415
3.1

IMD3d1
4
0.474424 0.7315
3.1055 0.7315
3.1055 0.7415
0.475028 0.7415
2.65

IMD3d2
5
-2.165 0.7415
-0.389528 0.7415
-0.384519 0.7415
-0.390499 0.8405
-2.165 0.8405
2.65

IMD3d2_damage
4
-0.384519 0.7415
-0.37951 0.7415
-0.38549 0.8405
-0.390499 0.8405
2.9

IMD3d2_damage
4
-0.34049 0.7415
-0.335481 0.7415
-0.329501 0.8405
-0.33451 0.8405
2.9

IMD3d2
6
-0.335481 0.7415
-0.330472 0.7415
-0.029528 0.7415
-0.024519 0.7415
-0.030499 0.8405
-0.329501 0.8405
2.65

IMD3d2_damage
4
-0.024519 0.7415
-0.01951 0.7415
-0.02549 0.8405
-0.030499 0.8405
2.9

IMD3d2_damage
4
0.01951 0.7415
0.024519 0.7415
0.030499 0.8405
0.02549 0.8405
2.9

IMD3d2
6
0.024519 0.7415
0.029528 0.7415
0.055972 0.7415
0.060981 0.7415
0.055001 0.8405
0.030499 0.8405
2.65

IMD3d2_damage
4
0.060981 0.7415
0.06599 0.7415
0.06001 0.8405
0.055001 0.8405
2.9

IMD3d2_damage
4
0.10501 0.7415
0.110019 0.7415
0.115999 0.8405
0.11099 0.8405
2.9

IMD3d2
6
0.110019 0.7415
0.115028 0.7415
0.415972 0.7415
0.420981 0.7415
0.415001 0.8405
0.115999 0.8405
2.65

IMD3d2_damage
4
0.420981 0.7415
0.42599 0.7415
0.42001 0.8405
0.415001 0.8405
2.9

IMD3d2_damage
4
0.46501 0.7415
0.470019 0.7415
0.475999 0.8405
0.47099 0.8405
2.9

IMD3d2
5
0.470019 0.7415
0.475028 0.7415
3.1055 0.7415
3.1055 0.8405
0.475999 0.8405
2.65

IMD4a
21
-2.165 0.8405
-0.390499 0.8405
-0.38549 0.8405
-0.33451 0.8405
-0.329501 0.8405
-0.030499 0.8405
-0.02549 0.8405
0 0.8405
0.02549 0.8405
0.030499 0.8405
0.055001 0.8405
0.06001 0.8405
0.11099 0.8405
0.115999 0.8405
0.415001 0.8405
0.42001 0.8405
0.47099 0.8405
0.475999 0.8405
3.1055 0.8405
3.1055 0.8615
-2.165 0.8615
5.2

IMD4b
4
-2.165 0.8615
3.1055 0.8615
3.1055 0.8765
-2.165 0.8765
4.2

IMD4c
4
-2.165 0.8765
3.1055 0.8765
3.1055 0.9005
-2.165 0.9005
3.28

IMD4d1+IMD4d2
4
-2.165 0.9005
3.1055 0.9005
3.1055 1.0275
-2.165 1.0275
2.65

IMD5a
4
-2.165 1.0275
3.1055 1.0275
3.1055 1.0485
-2.165 1.0485
5.2

IMD5b
4
-2.165 1.0485
3.1055 1.0485
3.1055 1.0635
-2.165 1.0635
4.2

IMD5c
4
-2.165 1.0635
3.1055 1.0635
3.1055 1.0875
-2.165 1.0875
3.28

IMD5d1+IMD5d2
4
-2.165 1.0875
3.1055 1.0875
3.1055 1.2145
-2.165 1.2145
2.65

IMD6a
4
-2.165 1.2145
3.1055 1.2145
3.1055 1.2355
-2.165 1.2355
5.2

IMD6b
4
-2.165 1.2355
3.1055 1.2355
3.1055 1.2505
-2.165 1.2505
4.2

IMD6c
4
-2.165 1.2505
3.1055 1.2505
3.1055 1.2745
-2.165 1.2745
3.28

IMD6d1+IMD6d2
4
-2.165 1.2745
3.1055 1.2745
3.1055 1.4015
-2.165 1.4015
2.65

IMD7a
4
-2.165 1.4015
3.1055 1.4015
3.1055 1.4765
-2.165 1.4765
5.2

IMD7b1+IMD7b2
4
-2.165 1.4765
3.1055 1.4765
3.1055 2.9765
-2.165 2.9765
4.2

IMD8a
4
-2.165 2.9765
3.1055 2.9765
3.1055 3.0515
-2.165 3.0515
5.2

IMD8b1+IMD8b2
4
-2.165 3.0515
3.1055 3.0515
3.1055 4.5515
-2.165 4.5515
4.2

PASS1
4
-2.165 4.5515
3.1055 4.5515
3.1055 4.6265
-2.165 4.6265
7

PASS2
4
-2.165 4.6265
3.1055 4.6265
3.1055 5.0265
-2.165 5.0265
4.2

PASS3
4
-2.165 5.0265
3.1055 5.0265
3.1055 5.1015
-2.165 5.1015
7

PASS4+PASS5
4
-2.165 5.1015
3.1055 5.1015
3.1055 6.0515
-2.165 6.0515
4.2

PASS6
4
-2.165 6.0515
3.1055 6.0515
3.1055 6.6515
-2.165 6.6515
7

air_Layer
4
-2.165 6.6515
3.1055 6.6515
3.1055 9.3515
-2.165 9.3515
1


4
-2.165 0.001
3.1055 0.001
3.1055 9.3515
-2.165 9.3515

