c1
8
-0.06292 0.3705
0.06292 0.3705
0.065305 0.3955
0.066355 0.4065
0.07208 0.4665
-0.07208 0.4665
-0.066355 0.4065
-0.065305 0.3955

10
botleft
4
-1.0175 -0.001
0 -0.001
0 0.001
-1.0175 0.001

botright
4
0 -0.001
3.1325 -0.001
3.1325 0.001
0 0.001

lbEnv
8
-0.51292 0.3705
-0.38708 0.3705
-0.384695 0.3955
-0.383645 0.4065
-0.37792 0.4665
-0.52208 0.4665
-0.516355 0.4065
-0.515305 0.3955

c3
8
0.52208 0.3705
1.41292 0.3705
1.415305 0.3955
1.416355 0.4065
1.42208 0.4665
0.51292 0.4665
0.518645 0.4065
0.519695 0.3955

rbEnv
8
1.73708 0.3705
2.62792 0.3705
2.630305 0.3955
2.631355 0.4065
2.63708 0.4665
1.72792 0.4665
1.733645 0.4065
1.734695 0.3955

ltEnv
4
-0.37951 0.7415
-0.34049 0.7415
-0.33451 0.8405
-0.38549 0.8405

c2left
4
-0.01951 0.7415
0 0.7415
0 0.8405
-0.02549 0.8405

c2
4
0 0.7415
0.01951 0.7415
0.02549 0.8405
0 0.8405

c4
4
0.47549 0.7415
0.51451 0.7415
0.52049 0.8405
0.46951 0.8405

rtEnv
4
0.83549 0.7415
0.87451 0.7415
0.88049 0.8405
0.82951 0.8405


70
FOXA+FOXB+TOX
5
-1.0175 0.001
0 0.001
3.1325 0.001
3.1325 0.2665
-1.0175 0.2665
4

ILD1a
4
-1.0175 0.2665
3.1325 0.2665
3.1325 0.2765
-1.0175 0.2765
7

ILD1b1+ILD1b2
12
-1.0175 0.2765
3.1325 0.2765
3.1325 0.3705
2.62792 0.3705
1.73708 0.3705
1.41292 0.3705
0.52208 0.3705
0.06292 0.3705
-0.06292 0.3705
-0.38708 0.3705
-0.51292 0.3705
-1.0175 0.3705
4

ILD1b3
4
-1.0175 0.3705
-0.51292 0.3705
-0.515305 0.3955
-1.0175 0.3955
4

ILD1b3
4
-0.38708 0.3705
-0.06292 0.3705
-0.065305 0.3955
-0.384695 0.3955
4

ILD1b3
4
0.06292 0.3705
0.52208 0.3705
0.519695 0.3955
0.065305 0.3955
4

ILD1b3
4
1.41292 0.3705
1.73708 0.3705
1.734695 0.3955
1.415305 0.3955
4

ILD1b3
4
2.62792 0.3705
3.1325 0.3705
3.1325 0.3955
2.630305 0.3955
4

IMD1a
4
-1.0175 0.3955
-0.515305 0.3955
-0.516355 0.4065
-1.0175 0.4065
5.2

IMD1a
4
-0.384695 0.3955
-0.065305 0.3955
-0.066355 0.4065
-0.383645 0.4065
5.2

IMD1a
4
0.065305 0.3955
0.519695 0.3955
0.518645 0.4065
0.066355 0.4065
5.2

IMD1a
4
1.415305 0.3955
1.734695 0.3955
1.733645 0.4065
1.416355 0.4065
5.2

IMD1a
4
2.630305 0.3955
3.1325 0.3955
3.1325 0.4065
2.631355 0.4065
5.2

IMD1b
4
-1.0175 0.4065
-0.516355 0.4065
-0.52208 0.4665
-1.0175 0.4665
2.8

IMD1b
4
-0.383645 0.4065
-0.066355 0.4065
-0.07208 0.4665
-0.37792 0.4665
2.8

IMD1b
4
0.066355 0.4065
0.518645 0.4065
0.51292 0.4665
0.07208 0.4665
2.8

IMD1b
4
1.416355 0.4065
1.733645 0.4065
1.72792 0.4665
1.42208 0.4665
2.8

IMD1b
4
2.631355 0.4065
3.1325 0.4065
3.1325 0.4665
2.63708 0.4665
2.8

IMD2a
12
-1.0175 0.4665
-0.52208 0.4665
-0.37792 0.4665
-0.07208 0.4665
0.07208 0.4665
0.51292 0.4665
1.42208 0.4665
1.72792 0.4665
2.63708 0.4665
3.1325 0.4665
3.1325 0.4875
-1.0175 0.4875
5.2

IMD2b
4
-1.0175 0.4875
3.1325 0.4875
3.1325 0.5025
-1.0175 0.5025
4.2

IMD2c
4
-1.0175 0.5025
3.1325 0.5025
3.1325 0.5265
-1.0175 0.5265
3.28

IMD2d1+IMD2d2
4
-1.0175 0.5265
3.1325 0.5265
3.1325 0.6535
-1.0175 0.6535
2.65

IMD3a
4
-1.0175 0.6535
3.1325 0.6535
3.1325 0.6745
-1.0175 0.6745
5.2

IMD3b
4
-1.0175 0.6745
3.1325 0.6745
3.1325 0.6895
-1.0175 0.6895
4.2

IMD3c
4
-1.0175 0.6895
3.1325 0.6895
3.1325 0.7135
-1.0175 0.7135
3.28

IMD3d1
12
-1.0175 0.7135
3.1325 0.7135
3.1325 0.7315
0.883924 0.7315
0.826076 0.7315
0.523924 0.7315
0.466076 0.7315
0.028924 0.7315
-0.028924 0.7315
-0.331076 0.7315
-0.388924 0.7315
-1.0175 0.7315
2.65

IMD3d1
4
-1.0175 0.7315
-0.388924 0.7315
-0.389528 0.7415
-1.0175 0.7415
2.65

IMD3d1_damage
8
-0.388924 0.7315
-0.331076 0.7315
-0.330472 0.7415
-0.335481 0.7415
-0.34049 0.7415
-0.37951 0.7415
-0.384519 0.7415
-0.389528 0.7415
3.1

IMD3d1
4
-0.331076 0.7315
-0.028924 0.7315
-0.029528 0.7415
-0.330472 0.7415
2.65

IMD3d1_damage
9
-0.028924 0.7315
0.028924 0.7315
0.029528 0.7415
0.024519 0.7415
0.01951 0.7415
0 0.7415
-0.01951 0.7415
-0.024519 0.7415
-0.029528 0.7415
3.1

IMD3d1
4
0.028924 0.7315
0.466076 0.7315
0.465472 0.7415
0.029528 0.7415
2.65

IMD3d1_damage
8
0.466076 0.7315
0.523924 0.7315
0.524528 0.7415
0.519519 0.7415
0.51451 0.7415
0.47549 0.7415
0.470481 0.7415
0.465472 0.7415
3.1

IMD3d1
4
0.523924 0.7315
0.826076 0.7315
0.825472 0.7415
0.524528 0.7415
2.65

IMD3d1_damage
8
0.826076 0.7315
0.883924 0.7315
0.884528 0.7415
0.879519 0.7415
0.87451 0.7415
0.83549 0.7415
0.830481 0.7415
0.825472 0.7415
3.1

IMD3d1
4
0.883924 0.7315
3.1325 0.7315
3.1325 0.7415
0.884528 0.7415
2.65

IMD3d2
5
-1.0175 0.7415
-0.389528 0.7415
-0.384519 0.7415
-0.390499 0.8405
-1.0175 0.8405
2.65

IMD3d2_damage
4
-0.384519 0.7415
-0.37951 0.7415
-0.38549 0.8405
-0.390499 0.8405
2.9

IMD3d2_damage
4
-0.34049 0.7415
-0.335481 0.7415
-0.329501 0.8405
-0.33451 0.8405
2.9

IMD3d2
6
-0.335481 0.7415
-0.330472 0.7415
-0.029528 0.7415
-0.024519 0.7415
-0.030499 0.8405
-0.329501 0.8405
2.65

IMD3d2_damage
4
-0.024519 0.7415
-0.01951 0.7415
-0.02549 0.8405
-0.030499 0.8405
2.9

IMD3d2_damage
4
0.01951 0.7415
0.024519 0.7415
0.030499 0.8405
0.02549 0.8405
2.9

IMD3d2
6
0.024519 0.7415
0.029528 0.7415
0.465472 0.7415
0.470481 0.7415
0.464501 0.8405
0.030499 0.8405
2.65

IMD3d2_damage
4
0.470481 0.7415
0.47549 0.7415
0.46951 0.8405
0.464501 0.8405
2.9

IMD3d2_damage
4
0.51451 0.7415
0.519519 0.7415
0.525499 0.8405
0.52049 0.8405
2.9

IMD3d2
6
0.519519 0.7415
0.524528 0.7415
0.825472 0.7415
0.830481 0.7415
0.824501 0.8405
0.525499 0.8405
2.65

IMD3d2_damage
4
0.830481 0.7415
0.83549 0.7415
0.82951 0.8405
0.824501 0.8405
2.9

IMD3d2_damage
4
0.87451 0.7415
0.879519 0.7415
0.885499 0.8405
0.88049 0.8405
2.9

IMD3d2
5
0.879519 0.7415
0.884528 0.7415
3.1325 0.7415
3.1325 0.8405
0.885499 0.8405
2.65

IMD4a
21
-1.0175 0.8405
-0.390499 0.8405
-0.38549 0.8405
-0.33451 0.8405
-0.329501 0.8405
-0.030499 0.8405
-0.02549 0.8405
0 0.8405
0.02549 0.8405
0.030499 0.8405
0.464501 0.8405
0.46951 0.8405
0.52049 0.8405
0.525499 0.8405
0.824501 0.8405
0.82951 0.8405
0.88049 0.8405
0.885499 0.8405
3.1325 0.8405
3.1325 0.8615
-1.0175 0.8615
5.2

IMD4b
4
-1.0175 0.8615
3.1325 0.8615
3.1325 0.8765
-1.0175 0.8765
4.2

IMD4c
4
-1.0175 0.8765
3.1325 0.8765
3.1325 0.9005
-1.0175 0.9005
3.28

IMD4d1+IMD4d2
4
-1.0175 0.9005
3.1325 0.9005
3.1325 1.0275
-1.0175 1.0275
2.65

IMD5a
4
-1.0175 1.0275
3.1325 1.0275
3.1325 1.0485
-1.0175 1.0485
5.2

IMD5b
4
-1.0175 1.0485
3.1325 1.0485
3.1325 1.0635
-1.0175 1.0635
4.2

IMD5c
4
-1.0175 1.0635
3.1325 1.0635
3.1325 1.0875
-1.0175 1.0875
3.28

IMD5d1+IMD5d2
4
-1.0175 1.0875
3.1325 1.0875
3.1325 1.2145
-1.0175 1.2145
2.65

IMD6a
4
-1.0175 1.2145
3.1325 1.2145
3.1325 1.2355
-1.0175 1.2355
5.2

IMD6b
4
-1.0175 1.2355
3.1325 1.2355
3.1325 1.2505
-1.0175 1.2505
4.2

IMD6c
4
-1.0175 1.2505
3.1325 1.2505
3.1325 1.2745
-1.0175 1.2745
3.28

IMD6d1+IMD6d2
4
-1.0175 1.2745
3.1325 1.2745
3.1325 1.4015
-1.0175 1.4015
2.65

IMD7a
4
-1.0175 1.4015
3.1325 1.4015
3.1325 1.4765
-1.0175 1.4765
5.2

IMD7b1+IMD7b2
4
-1.0175 1.4765
3.1325 1.4765
3.1325 2.9765
-1.0175 2.9765
4.2

IMD8a
4
-1.0175 2.9765
3.1325 2.9765
3.1325 3.0515
-1.0175 3.0515
5.2

IMD8b1+IMD8b2
4
-1.0175 3.0515
3.1325 3.0515
3.1325 4.5515
-1.0175 4.5515
4.2

PASS1
4
-1.0175 4.5515
3.1325 4.5515
3.1325 4.6265
-1.0175 4.6265
7

PASS2
4
-1.0175 4.6265
3.1325 4.6265
3.1325 5.0265
-1.0175 5.0265
4.2

PASS3
4
-1.0175 5.0265
3.1325 5.0265
3.1325 5.1015
-1.0175 5.1015
7

PASS4+PASS5
4
-1.0175 5.1015
3.1325 5.1015
3.1325 6.0515
-1.0175 6.0515
4.2

PASS6
4
-1.0175 6.0515
3.1325 6.0515
3.1325 6.6515
-1.0175 6.6515
7

air_Layer
4
-1.0175 6.6515
3.1325 6.6515
3.1325 7.0565
-1.0175 7.0565
1


4
-1.0175 0.001
3.1325 0.001
3.1325 7.0565
-1.0175 7.0565

