****************************PATTERN SUB-metal1-metal3_STACK3L **********************************
    wMst        wEnv       space     edgeSpace  |       c12         c13         c14        c1t          c1b         c23         c24         c2t        c2b
0.04500000  0.04500000  0.02250000  0.31500000  |  -0.00172100 -0.19271946 -0.00390568 0.00000000  -0.00708010 -0.00383135 -0.16537108 0.00000000  -0.00068899 
0.04500000  0.04500000  0.02250000  4.50000000  |  -0.00228203 -0.19296000 -0.00549564 0.00000000  -0.01043108 -0.00536633 -0.16804879 0.00000000  -0.00665807 
0.04500000  0.04500000  0.04050000  0.31500000  |  -0.00213071 -0.11735016 -0.00408926 0.00000000  -0.00753301 -0.00403825 -0.10193938 0.00000000  -0.00065133 
0.04500000  0.04500000  0.04050000  4.50000000  |  -0.00266510 -0.11759509 -0.00558487 0.00000000  -0.01069307 -0.00553670 -0.10289847 0.00000000  -0.00660568 
0.04500000  0.04500000  0.04500000  0.31500000  |  -0.00223101 -0.10770421 -0.00413228 0.00000000  -0.00764507 -0.00403429 -0.09354093 0.00000000  -0.00068647 
0.04500000  0.04500000  0.04500000  4.50000000  |  -0.00291695 -0.10818217 -0.00552695 0.00000000  -0.01078410 -0.00544613 -0.09617399 0.00000000  -0.00659716 
0.04500000  0.04500000  0.09000000  0.31500000  |  -0.00321756 -0.06067128 -0.00450368 0.00000000  -0.00877765 -0.00449382 -0.05418609 0.00000000  -0.00064180 
0.04500000  0.04500000  0.09000000  4.50000000  |  -0.00402986 -0.06176943 -0.00573743 0.00000000  -0.01171755 -0.00584533 -0.05608321 0.00000000  -0.00651855 
0.04500000  0.04500000  0.18000000  0.31500000  |  -0.00496301 -0.03190445 -0.00484498 0.00000000  -0.01112304 -0.00490135 -0.03050188 0.00000000  -0.00067928 
0.04500000  0.04500000  0.18000000  4.50000000  |  -0.00596904 -0.03303761 -0.00594863 0.00000000  -0.01364310 -0.00609846 -0.03225418 0.00000000  -0.00643740 
0.04500000  0.04500000  0.27000000  0.31500000  |  -0.00628307 -0.02039589 -0.00479283 0.00000000  -0.01325569 -0.00487948 -0.02122685 0.00000000  -0.00095832 
0.04500000  0.04500000  0.27000000  4.50000000  |  -0.00740049 -0.02113782 -0.00581662 0.00000000  -0.01555260 -0.00593808 -0.02274951 0.00000000  -0.00656887 
0.04500000  0.04500000  0.45000000  0.31500000  |  -0.00789890 -0.01004103 -0.00424253 0.00000000  -0.01676665 -0.00433684 -0.01284115 0.00000000  -0.00198299 
0.04500000  0.04500000  0.45000000  4.50000000  |  -0.00912260 -0.01068552 -0.00502181 0.00000000  -0.01884270 -0.00525921 -0.01396548 0.00000000  -0.00743159 
0.04500000  0.04500000  4.50000000  0.31500000  |  -0.00955637 0.00000000  0.00000000  0.00000000  -0.02651202 0.00000000  0.00000000  0.00000000  -0.01651757 
0.04500000  0.04500000  4.50000000  4.50000000  |  -0.01082825 0.00000000  0.00000000  0.00000000  -0.02799513 0.00000000  0.00000000  0.00000000  -0.01767966 
0.04500000  0.13500000  0.02250000  0.31500000  |  -0.00166234 -0.19692651 -0.00359952 0.00000000  -0.00623196 -0.00488564 -0.16617406 0.00000000  -0.00060497 
0.04500000  0.13500000  0.02250000  4.50000000  |  -0.00208237 -0.19689116 -0.00480900 0.00000000  -0.00852361 -0.00691719 -0.16560030 0.00000000  -0.00599662 
0.04500000  0.13500000  0.04050000  0.31500000  |  -0.00206515 -0.12103461 -0.00380954 0.00000000  -0.00674307 -0.00501688 -0.10160886 0.00000000  -0.00056937 
0.04500000  0.13500000  0.04050000  4.50000000  |  -0.00270046 -0.12182079 -0.00485819 0.00000000  -0.00894952 -0.00685816 -0.10401232 0.00000000  -0.00594313 
0.04500000  0.13500000  0.04500000  0.31500000  |  -0.00216411 -0.11134098 -0.00386390 0.00000000  -0.00686797 -0.00504051 -0.09341443 0.00000000  -0.00056930 
0.04500000  0.13500000  0.04500000  4.50000000  |  -0.00280818 -0.11179007 -0.00488714 0.00000000  -0.00903401 -0.00686475 -0.09581168 0.00000000  -0.00594623 
0.04500000  0.13500000  0.09000000  0.31500000  |  -0.00316019 -0.06346525 -0.00425747 0.00000000  -0.00811389 -0.00535536 -0.05399086 0.00000000  -0.00060734 
0.04500000  0.13500000  0.09000000  4.50000000  |  -0.00389878 -0.06448667 -0.00534168 0.00000000  -0.01019482 -0.00702266 -0.05615334 0.00000000  -0.00596682 
0.04500000  0.13500000  0.18000000  0.31500000  |  -0.00492605 -0.03387727 -0.00464703 0.00000000  -0.01061633 -0.00552527 -0.03033262 0.00000000  -0.00066411 
0.04500000  0.13500000  0.18000000  4.50000000  |  -0.00584924 -0.03464136 -0.00559744 0.00000000  -0.01249992 -0.00702456 -0.03198423 0.00000000  -0.00594829 
0.04500000  0.13500000  0.27000000  0.31500000  |  -0.00625517 -0.02180147 -0.00467664 0.00000000  -0.01288489 -0.00537769 -0.02107031 0.00000000  -0.00096458 
0.04500000  0.13500000  0.27000000  4.50000000  |  -0.00730154 -0.02264950 -0.00551774 0.00000000  -0.01461841 -0.00671955 -0.02254956 0.00000000  -0.00620910 
0.04500000  0.13500000  0.45000000  0.31500000  |  -0.00788887 -0.01073685 -0.00415502 0.00000000  -0.01654229 -0.00473871 -0.01269513 0.00000000  -0.00199610 
0.04500000  0.13500000  0.45000000  4.50000000  |  -0.00903986 -0.01138029 -0.00490195 0.00000000  -0.01833476 -0.00569210 -0.01382098 0.00000000  -0.00714536 
0.04500000  0.13500000  4.50000000  0.31500000  |  -0.00955779 0.00000000  0.00000000  0.00000000  -0.02651345 0.00000000  0.00000000  0.00000000  -0.01652419 
0.04500000  0.13500000  4.50000000  4.50000000  |  -0.01085337 0.00000000  0.00000000  0.00000000  -0.02798724 0.00000000  0.00000000  0.00000000  -0.01762133 
0.04500000  0.90000000  0.02250000  0.31500000  |  -0.00161915 -0.19912191 -0.00350141 0.00000000  -0.00577671 -0.00678671 -0.16552946 0.00000000  -0.00029499 
0.04500000  0.90000000  0.02250000  4.50000000  |  -0.00213991 -0.19886791 -0.00453691 0.00000000  -0.00690226 -0.01037519 -0.16740788 0.00000000  -0.00354644 
0.04500000  0.90000000  0.04050000  0.31500000  |  -0.00203841 -0.12291431 -0.00371253 0.00000000  -0.00630321 -0.00681542 -0.10137731 0.00000000  -0.00030687 
0.04500000  0.90000000  0.04050000  4.50000000  |  -0.00265865 -0.12375094 -0.00461893 0.00000000  -0.00743405 -0.01018752 -0.10244815 0.00000000  -0.00357381 
0.04500000  0.90000000  0.04500000  0.31500000  |  -0.00214318 -0.11323946 -0.00376148 0.00000000  -0.00643438 -0.00686739 -0.09308059 0.00000000  -0.00030924 
0.04500000  0.90000000  0.04500000  4.50000000  |  -0.00277325 -0.11378242 -0.00465412 0.00000000  -0.00757380 -0.01029793 -0.09512490 0.00000000  -0.00360471 
0.04500000  0.90000000  0.09000000  0.31500000  |  -0.00314411 -0.06504882 -0.00417786 0.00000000  -0.00774202 -0.00700685 -0.05366443 0.00000000  -0.00034082 
0.04500000  0.90000000  0.09000000  4.50000000  |  -0.00387214 -0.06613587 -0.00509046 0.00000000  -0.00894580 -0.01015525 -0.05558594 0.00000000  -0.00379945 
0.04500000  0.90000000  0.18000000  0.31500000  |  -0.00491244 -0.03507475 -0.00457713 0.00000000  -0.01033365 -0.00702314 -0.02989416 0.00000000  -0.00046973 
0.04500000  0.90000000  0.18000000  4.50000000  |  -0.00581350 -0.03595558 -0.00539116 0.00000000  -0.01154935 -0.00978187 -0.03153135 0.00000000  -0.00403830 
0.04500000  0.90000000  0.27000000  0.31500000  |  -0.00626615 -0.02265369 -0.00459948 0.00000000  -0.01268991 -0.00677251 -0.02060970 0.00000000  -0.00074596 
0.04500000  0.90000000  0.27000000  4.50000000  |  -0.00740024 -0.02344532 -0.00528245 0.00000000  -0.01397365 -0.00918531 -0.02204791 0.00000000  -0.00440845 
0.04500000  0.90000000  0.45000000  0.31500000  |  -0.00788007 -0.01126772 -0.00405401 0.00000000  -0.01643571 -0.00599370 -0.01221468 0.00000000  -0.00178965 
0.04500000  0.90000000  0.45000000  4.50000000  |  -0.00902063 -0.01200925 -0.00471675 0.00000000  -0.01787479 -0.00793902 -0.01344328 0.00000000  -0.00565006 
0.04500000  0.90000000  4.50000000  0.31500000  |  -0.00947363 0.00000000  0.00000000  0.00000000  -0.02658696 0.00000000  0.00000000  0.00000000  -0.01683959 
0.04500000  0.90000000  4.50000000  4.50000000  |  -0.01091262 0.00000000  0.00000000  0.00000000  -0.02805190 0.00000000  0.00000000  0.00000000  -0.01785730 
0.13500000  0.04500000  0.02250000  0.31500000  |  -0.00259944 -0.19667422 -0.00625753 0.00000000  -0.01137211 -0.00290649 -0.16533294 0.00000000  -0.00055192 
0.13500000  0.04500000  0.02250000  4.50000000  |  -0.00327091 -0.19693625 -0.00821636 0.00000000  -0.01563657 -0.00415378 -0.16732680 0.00000000  -0.00601042 
0.13500000  0.04500000  0.04050000  0.31500000  |  -0.00314038 -0.12088765 -0.00644610 0.00000000  -0.01181320 -0.00294833 -0.10159401 0.00000000  -0.00053784 
0.13500000  0.04500000  0.04050000  4.50000000  |  -0.00376170 -0.12171819 -0.00829304 0.00000000  -0.01568625 -0.00416799 -0.10392932 0.00000000  -0.00597974 
0.13500000  0.04500000  0.04500000  0.31500000  |  -0.00321674 -0.11124860 -0.00647888 0.00000000  -0.01193452 -0.00299626 -0.09372159 0.00000000  -0.00054793 
0.13500000  0.04500000  0.04500000  4.50000000  |  -0.00387285 -0.11192035 -0.00830265 0.00000000  -0.01574129 -0.00418756 -0.09557011 0.00000000  -0.00599812 
0.13500000  0.04500000  0.09000000  0.31500000  |  -0.00451420 -0.06356068 -0.00678443 0.00000000  -0.01314690 -0.00324529 -0.05389285 0.00000000  -0.00055648 
0.13500000  0.04500000  0.09000000  4.50000000  |  -0.00547180 -0.06464849 -0.00832919 0.00000000  -0.01655598 -0.00449045 -0.05606676 0.00000000  -0.00593978 
0.13500000  0.04500000  0.18000000  0.31500000  |  -0.00656753 -0.03373396 -0.00701381 0.00000000  -0.01568910 -0.00357312 -0.03032637 0.00000000  -0.00060671 
0.13500000  0.04500000  0.18000000  4.50000000  |  -0.00757071 -0.03486243 -0.00832618 0.00000000  -0.01834492 -0.00465347 -0.03181328 0.00000000  -0.00588816 
0.13500000  0.04500000  0.27000000  0.31500000  |  -0.00806177 -0.02174816 -0.00678985 0.00000000  -0.01805872 -0.00365343 -0.02102497 0.00000000  -0.00082886 
0.13500000  0.04500000  0.27000000  4.50000000  |  -0.00924739 -0.02274320 -0.00789384 0.00000000  -0.02042581 -0.00480579 -0.02240319 0.00000000  -0.00600434 
0.13500000  0.04500000  0.45000000  0.31500000  |  -0.00987439 -0.01075782 -0.00578508 0.00000000  -0.02192603 -0.00338961 -0.01266617 0.00000000  -0.00167328 
0.13500000  0.04500000  0.45000000  4.50000000  |  -0.01109903 -0.01158975 -0.00658499 0.00000000  -0.02396091 -0.00416029 -0.01380917 0.00000000  -0.00679639 
0.13500000  0.04500000  4.50000000  0.31500000  |  -0.01171625 0.00000000  0.00000000  0.00000000  -0.03302481 0.00000000  0.00000000  0.00000000  -0.01508687 
0.13500000  0.04500000  4.50000000  4.50000000  |  -0.01314124 0.00000000  0.00000000  0.00000000  -0.03450367 0.00000000  0.00000000  0.00000000  -0.01623086 
0.13500000  0.13500000  0.02250000  0.31500000  |  -0.00250789 -0.20211543 -0.00593243 0.00000000  -0.01031981 -0.00349088 -0.16514837 0.00000000  -0.00048715 
0.13500000  0.13500000  0.02250000  4.50000000  |  -0.00309062 -0.20104239 -0.00754944 0.00000000  -0.01314760 -0.00520012 -0.16594990 0.00000000  -0.00546400 
0.13500000  0.13500000  0.04050000  0.31500000  |  -0.00303963 -0.12537437 -0.00617163 0.00000000  -0.01085754 -0.00370649 -0.10189478 0.00000000  -0.00050535 
0.13500000  0.13500000  0.04050000  4.50000000  |  -0.00364337 -0.12601982 -0.00776842 0.00000000  -0.01340613 -0.00528303 -0.10280883 0.00000000  -0.00548390 
0.13500000  0.13500000  0.04500000  0.31500000  |  -0.00317059 -0.11543299 -0.00621894 0.00000000  -0.01099433 -0.00372706 -0.09359667 0.00000000  -0.00050689 
0.13500000  0.13500000  0.04500000  4.50000000  |  -0.00384512 -0.11618809 -0.00775214 0.00000000  -0.01369350 -0.00527445 -0.09558366 0.00000000  -0.00546929 
0.13500000  0.13500000  0.09000000  0.31500000  |  -0.00445957 -0.06678232 -0.00657287 0.00000000  -0.01237363 -0.00388830 -0.05382038 0.00000000  -0.00052431 
0.13500000  0.13500000  0.09000000  4.50000000  |  -0.00528993 -0.06735211 -0.00784241 0.00000000  -0.01476643 -0.00536618 -0.05548812 0.00000000  -0.00551524 
0.13500000  0.13500000  0.18000000  0.31500000  |  -0.00652953 -0.03596043 -0.00683754 0.00000000  -0.01513501 -0.00405033 -0.03021938 0.00000000  -0.00059399 
0.13500000  0.13500000  0.18000000  4.50000000  |  -0.00749746 -0.03685148 -0.00774439 0.00000000  -0.01720074 -0.00541344 -0.03138074 0.00000000  -0.00549057 
0.13500000  0.13500000  0.27000000  0.31500000  |  -0.00805655 -0.02320963 -0.00665707 0.00000000  -0.01766009 -0.00403199 -0.02086195 0.00000000  -0.00081790 
0.13500000  0.13500000  0.27000000  4.50000000  |  -0.00919903 -0.02382522 -0.00761476 0.00000000  -0.01961352 -0.00534054 -0.02218279 0.00000000  -0.00565381 
0.13500000  0.13500000  0.45000000  0.31500000  |  -0.00986927 -0.01149590 -0.00565860 0.00000000  -0.02173206 -0.00369260 -0.01258295 0.00000000  -0.00170284 
0.13500000  0.13500000  0.45000000  4.50000000  |  -0.01109574 -0.01196848 -0.00644595 0.00000000  -0.02362130 -0.00476093 -0.01366498 0.00000000  -0.00647199 
0.13500000  0.13500000  4.50000000  0.31500000  |  -0.01171703 0.00000000  0.00000000  0.00000000  -0.03306374 0.00000000  0.00000000  0.00000000  -0.01517540 
0.13500000  0.13500000  4.50000000  4.50000000  |  -0.01317222 0.00000000  0.00000000  0.00000000  -0.03454571 0.00000000  0.00000000  0.00000000  -0.01624948 
0.13500000  0.90000000  0.02250000  0.31500000  |  -0.00248475 -0.20423096 -0.00581954 0.00000000  -0.00973664 -0.00511795 -0.16542203 0.00000000  -0.00024466 
0.13500000  0.90000000  0.02250000  4.50000000  |  -0.00304110 -0.20423615 -0.00715655 0.00000000  -0.01108265 -0.00821111 -0.16718764 0.00000000  -0.00331968 
0.13500000  0.90000000  0.04050000  0.31500000  |  -0.00302646 -0.12776357 -0.00604039 0.00000000  -0.01030942 -0.00522966 -0.10141564 0.00000000  -0.00025717 
0.13500000  0.90000000  0.04050000  4.50000000  |  -0.00368408 -0.12763967 -0.00712662 0.00000000  -0.01160355 -0.00824926 -0.10231070 0.00000000  -0.00336776 
0.13500000  0.90000000  0.04500000  0.31500000  |  -0.00315181 -0.11780673 -0.00608710 0.00000000  -0.01045572 -0.00525018 -0.09311273 0.00000000  -0.00025913 
0.13500000  0.90000000  0.04500000  4.50000000  |  -0.00384284 -0.11759491 -0.00715597 0.00000000  -0.01174806 -0.00815815 -0.09497075 0.00000000  -0.00338816 
0.13500000  0.90000000  0.09000000  0.31500000  |  -0.00445302 -0.06868818 -0.00647331 0.00000000  -0.01193549 -0.00536622 -0.05353776 0.00000000  -0.00027610 
0.13500000  0.90000000  0.09000000  4.50000000  |  -0.00517735 -0.06916895 -0.00750826 0.00000000  -0.01319065 -0.00814481 -0.05543908 0.00000000  -0.00352494 
0.13500000  0.90000000  0.18000000  0.31500000  |  -0.00656489 -0.03729526 -0.00673786 0.00000000  -0.01480251 -0.00540292 -0.02948429 0.00000000  -0.00037926 
0.13500000  0.90000000  0.18000000  4.50000000  |  -0.00750429 -0.03823186 -0.00772555 0.00000000  -0.01609366 -0.00789785 -0.03141243 0.00000000  -0.00376681 
0.13500000  0.90000000  0.27000000  0.31500000  |  -0.00808388 -0.02411549 -0.00660660 0.00000000  -0.01744281 -0.00538788 -0.02039042 0.00000000  -0.00060732 
0.13500000  0.90000000  0.27000000  4.50000000  |  -0.00919011 -0.02501721 -0.00739912 0.00000000  -0.01876344 -0.00760152 -0.02189581 0.00000000  -0.00408411 
0.13500000  0.90000000  0.45000000  0.31500000  |  -0.00983548 -0.01203843 -0.00562513 0.00000000  -0.02161438 -0.00487077 -0.01212786 0.00000000  -0.00152963 
0.13500000  0.90000000  0.45000000  4.50000000  |  -0.01112451 -0.01300935 -0.00638213 0.00000000  -0.02295445 -0.00679334 -0.01344775 0.00000000  -0.00510481 
0.13500000  0.90000000  4.50000000  0.31500000  |  -0.01177638 0.00000000  0.00000000  0.00000000  -0.03310288 0.00000000  0.00000000  0.00000000  -0.01539803 
0.13500000  0.90000000  4.50000000  4.50000000  |  -0.01318093 0.00000000  0.00000000  0.00000000  -0.03467647 0.00000000  0.00000000  0.00000000  -0.01628195 
0.90000000  0.04500000  0.02250000  0.31500000  |  -0.00520950 -0.19738845 -0.01741018 0.00000000  -0.04717474 -0.00039919 -0.16495456 0.00000000  -0.00032475 
0.90000000  0.04500000  0.02250000  4.50000000  |  -0.00675583 -0.19929891 -0.02347288 0.00000000  -0.05614290 -0.00124487 -0.16695263 0.00000000  -0.00372738 
0.90000000  0.04500000  0.04050000  0.31500000  |  -0.00614866 -0.12261461 -0.01828542 0.00000000  -0.04774468 -0.00038790 -0.10102409 0.00000000  -0.00032395 
0.90000000  0.04500000  0.04050000  4.50000000  |  -0.00773982 -0.12618727 -0.02413510 0.00000000  -0.05629300 -0.00134571 -0.10208447 0.00000000  -0.00371886 
0.90000000  0.04500000  0.04500000  0.31500000  |  -0.00635930 -0.11302765 -0.01847092 0.00000000  -0.04790352 -0.00039445 -0.09284536 0.00000000  -0.00032450 
0.90000000  0.04500000  0.04500000  4.50000000  |  -0.00794681 -0.11508169 -0.02418237 0.00000000  -0.05639589 -0.00139851 -0.09367427 0.00000000  -0.00371484 
0.90000000  0.04500000  0.09000000  0.31500000  |  -0.00821500 -0.06548926 -0.02017151 0.00000000  -0.04955131 -0.00045317 -0.05309885 0.00000000  -0.00033877 
0.90000000  0.04500000  0.09000000  4.50000000  |  -0.01026993 -0.06961139 -0.02548271 0.00000000  -0.05688030 -0.00146970 -0.05394586 0.00000000  -0.00379360 
0.90000000  0.04500000  0.18000000  0.31500000  |  -0.01113644 -0.03534375 -0.02280648 0.00000000  -0.05270172 -0.00049418 -0.02948568 0.00000000  -0.00036562 
0.90000000  0.04500000  0.18000000  4.50000000  |  -0.01328292 -0.03937663 -0.02731044 0.00000000  -0.05869255 -0.00154188 -0.03088005 0.00000000  -0.00397006 
0.90000000  0.04500000  0.27000000  0.31500000  |  -0.01338814 -0.02309055 -0.02395193 0.00000000  -0.05542250 -0.00052157 -0.01969426 0.00000000  -0.00038243 
0.90000000  0.04500000  0.27000000  4.50000000  |  -0.01557788 -0.02643977 -0.02796778 0.00000000  -0.06068232 -0.00167211 -0.02112777 0.00000000  -0.00398435 
0.90000000  0.04500000  0.45000000  0.31500000  |  -0.01641133 -0.01103129 -0.02235966 0.00000000  -0.05959528 -0.00055856 -0.01118833 0.00000000  -0.00048550 
0.90000000  0.04500000  0.45000000  4.50000000  |  -0.01871481 -0.01393158 -0.02509924 0.00000000  -0.06322091 -0.00160443 -0.01230717 0.00000000  -0.00409487 
0.90000000  0.04500000  4.50000000  0.31500000  |  -0.02002595 0.00000000  0.00000000  0.00000000  -0.07770835 0.00000000  0.00000000  0.00000000  -0.00793538 
0.90000000  0.04500000  4.50000000  4.50000000  |  -0.02266135 0.00000000  0.00000000  0.00000000  -0.07986916 0.00000000  0.00000000  0.00000000  -0.00892485 
0.90000000  0.13500000  0.02250000  0.31500000  |  -0.00512795 -0.20448589 -0.01746275 0.00000000  -0.04573916 -0.00046348 -0.16442077 0.00000000  -0.00028995 
0.90000000  0.13500000  0.02250000  4.50000000  |  -0.00637400 -0.20626731 -0.02321144 0.00000000  -0.05249107 -0.00167232 -0.16691800 0.00000000  -0.00349236 
0.90000000  0.13500000  0.04050000  0.31500000  |  -0.00592986 -0.12765452 -0.01831408 0.00000000  -0.04652993 -0.00050507 -0.10096827 0.00000000  -0.00030087 
0.90000000  0.13500000  0.04050000  4.50000000  |  -0.00736219 -0.13069572 -0.02392891 0.00000000  -0.05299803 -0.00171554 -0.10192678 0.00000000  -0.00349296 
0.90000000  0.13500000  0.04500000  0.31500000  |  -0.00613057 -0.11785348 -0.01849887 0.00000000  -0.04671535 -0.00051302 -0.09260672 0.00000000  -0.00030331 
0.90000000  0.13500000  0.04500000  4.50000000  |  -0.00760827 -0.12130817 -0.02408679 0.00000000  -0.05314197 -0.00173513 -0.09367974 0.00000000  -0.00350203 
0.90000000  0.13500000  0.09000000  0.31500000  |  -0.00815397 -0.06924651 -0.02023927 0.00000000  -0.04856912 -0.00056740 -0.05302915 0.00000000  -0.00031350 
0.90000000  0.13500000  0.09000000  4.50000000  |  -0.00992519 -0.07365422 -0.02530305 0.00000000  -0.05418439 -0.00179979 -0.05399163 0.00000000  -0.00358036 
0.90000000  0.13500000  0.18000000  0.31500000  |  -0.01116054 -0.03766548 -0.02270946 0.00000000  -0.05201719 -0.00067727 -0.02941538 0.00000000  -0.00034388 
0.90000000  0.13500000  0.18000000  4.50000000  |  -0.01350372 -0.04208686 -0.02726749 0.00000000  -0.05686454 -0.00191525 -0.03084803 0.00000000  -0.00368356 
0.90000000  0.13500000  0.27000000  0.31500000  |  -0.01330375 -0.02464116 -0.02396237 0.00000000  -0.05500156 -0.00070721 -0.01993438 0.00000000  -0.00037050 
0.90000000  0.13500000  0.27000000  4.50000000  |  -0.01546389 -0.02832292 -0.02795252 0.00000000  -0.05904612 -0.00187766 -0.02112467 0.00000000  -0.00381879 
0.90000000  0.13500000  0.45000000  0.31500000  |  -0.01633628 -0.01186805 -0.02225674 0.00000000  -0.05933707 -0.00079020 -0.01097050 0.00000000  -0.00045729 
0.90000000  0.13500000  0.45000000  4.50000000  |  -0.01883378 -0.01460238 -0.02496484 0.00000000  -0.06257870 -0.00186588 -0.01230123 0.00000000  -0.00391593 
0.90000000  0.13500000  4.50000000  0.31500000  |  -0.01997118 0.00000000  0.00000000  0.00000000  -0.07771178 0.00000000  0.00000000  0.00000000  -0.00797565 
0.90000000  0.13500000  4.50000000  4.50000000  |  -0.02265322 0.00000000  0.00000000  0.00000000  -0.07993033 0.00000000  0.00000000  0.00000000  -0.00892331 
0.90000000  0.90000000  0.02250000  0.31500000  |  -0.00505455 -0.20744256 -0.01738541 0.00000000  -0.04492394 -0.00138394 -0.16432107 0.00000000  -0.00012282 
0.90000000  0.90000000  0.02250000  4.50000000  |  -0.00643492 -0.21276507 -0.02293552 0.00000000  -0.04803998 -0.00330183 -0.16486089 0.00000000  -0.00226148 
0.90000000  0.90000000  0.04050000  0.31500000  |  -0.00595112 -0.13135514 -0.01812950 0.00000000  -0.04575836 -0.00142143 -0.10033499 0.00000000  -0.00012634 
0.90000000  0.90000000  0.04050000  4.50000000  |  -0.00748148 -0.13782216 -0.02361856 0.00000000  -0.04888133 -0.00325150 -0.10187219 0.00000000  -0.00235689 
0.90000000  0.90000000  0.04500000  0.31500000  |  -0.00616814 -0.12140721 -0.01832308 0.00000000  -0.04595732 -0.00140384 -0.09212678 0.00000000  -0.00012776 
0.90000000  0.90000000  0.04500000  4.50000000  |  -0.00793496 -0.12573703 -0.02341225 0.00000000  -0.04923076 -0.00321969 -0.09386972 0.00000000  -0.00237183 
0.90000000  0.90000000  0.09000000  0.31500000  |  -0.00807899 -0.07170273 -0.02012688 0.00000000  -0.04795082 -0.00149623 -0.05276636 0.00000000  -0.00013583 
0.90000000  0.90000000  0.09000000  4.50000000  |  -0.00974063 -0.07801466 -0.02525339 0.00000000  -0.05101380 -0.00338533 -0.05389395 0.00000000  -0.00242850 
0.90000000  0.90000000  0.18000000  0.31500000  |  -0.01106808 -0.03966033 -0.02262403 0.00000000  -0.05161007 -0.00165114 -0.02920071 0.00000000  -0.00015568 
0.90000000  0.90000000  0.18000000  4.50000000  |  -0.01308515 -0.04488984 -0.02721951 0.00000000  -0.05442797 -0.00341545 -0.03054337 0.00000000  -0.00258408 
0.90000000  0.90000000  0.27000000  0.31500000  |  -0.01336574 -0.02591689 -0.02378497 0.00000000  -0.05469914 -0.00170359 -0.01960871 0.00000000  -0.00019252 
0.90000000  0.90000000  0.27000000  4.50000000  |  -0.01535289 -0.03072282 -0.02772166 0.00000000  -0.05752648 -0.00340205 -0.02096784 0.00000000  -0.00265802 
0.90000000  0.90000000  0.45000000  0.31500000  |  -0.01631249 -0.01265758 -0.02216147 0.00000000  -0.05923534 -0.00177517 -0.01084573 0.00000000  -0.00024093 
0.90000000  0.90000000  0.45000000  4.50000000  |  -0.01887376 -0.01644634 -0.02462479 0.00000000  -0.06180998 -0.00321360 -0.01212685 0.00000000  -0.00289076 
0.90000000  0.90000000  4.50000000  0.31500000  |  -0.01992467 0.00000000  0.00000000  0.00000000  -0.07777001 0.00000000  0.00000000  0.00000000  -0.00817289 
0.90000000  0.90000000  4.50000000  4.50000000  |  -0.02266238 0.00000000  0.00000000  0.00000000  -0.08020568 0.00000000  0.00000000  0.00000000  -0.00896624 
