c1
8
-0.06292 0.3705
0.06292 0.3705
0.065305 0.3955
0.066355 0.4065
0.07208 0.4665
-0.07208 0.4665
-0.066355 0.4065
-0.065305 0.3955

10
botleft
4
-1.0175 -0.001
0 -0.001
0 0.001
-1.0175 0.001

botright
4
0 -0.001
1.193 -0.001
1.193 0.001
0 0.001

lbEnv
8
-0.51292 0.3705
-0.38708 0.3705
-0.384695 0.3955
-0.383645 0.4065
-0.37792 0.4665
-0.52208 0.4665
-0.516355 0.4065
-0.515305 0.3955

c3
8
0.11258 0.3705
0.23842 0.3705
0.240805 0.3955
0.241855 0.4065
0.24758 0.4665
0.10342 0.4665
0.109145 0.4065
0.110195 0.3955

rbEnv
8
0.56258 0.3705
0.68842 0.3705
0.690805 0.3955
0.691855 0.4065
0.69758 0.4665
0.55342 0.4665
0.559145 0.4065
0.560195 0.3955

ltEnv
4
-0.37951 0.5545
-0.34049 0.5545
-0.33451 0.6535
-0.38549 0.6535

c2left
4
-0.01951 0.5545
0 0.5545
0 0.6535
-0.02549 0.6535

c2
4
0 0.5545
0.01951 0.5545
0.02549 0.6535
0 0.6535

c4
4
0.06599 0.5545
0.10501 0.5545
0.11099 0.6535
0.06001 0.6535

rtEnv
4
0.42599 0.5545
0.46501 0.5545
0.47099 0.6535
0.42001 0.6535


70
FOXA+FOXB+TOX
5
-1.0175 0.001
0 0.001
1.193 0.001
1.193 0.2665
-1.0175 0.2665
4

ILD1a
4
-1.0175 0.2665
1.193 0.2665
1.193 0.2765
-1.0175 0.2765
7

ILD1b1+ILD1b2
12
-1.0175 0.2765
1.193 0.2765
1.193 0.3705
0.68842 0.3705
0.56258 0.3705
0.23842 0.3705
0.11258 0.3705
0.06292 0.3705
-0.06292 0.3705
-0.38708 0.3705
-0.51292 0.3705
-1.0175 0.3705
4

ILD1b3
4
-1.0175 0.3705
-0.51292 0.3705
-0.515305 0.3955
-1.0175 0.3955
4

ILD1b3
4
-0.38708 0.3705
-0.06292 0.3705
-0.065305 0.3955
-0.384695 0.3955
4

ILD1b3
4
0.06292 0.3705
0.11258 0.3705
0.110195 0.3955
0.065305 0.3955
4

ILD1b3
4
0.23842 0.3705
0.56258 0.3705
0.560195 0.3955
0.240805 0.3955
4

ILD1b3
4
0.68842 0.3705
1.193 0.3705
1.193 0.3955
0.690805 0.3955
4

IMD1a
4
-1.0175 0.3955
-0.515305 0.3955
-0.516355 0.4065
-1.0175 0.4065
5.2

IMD1a
4
-0.384695 0.3955
-0.065305 0.3955
-0.066355 0.4065
-0.383645 0.4065
5.2

IMD1a
4
0.065305 0.3955
0.110195 0.3955
0.109145 0.4065
0.066355 0.4065
5.2

IMD1a
4
0.240805 0.3955
0.560195 0.3955
0.559145 0.4065
0.241855 0.4065
5.2

IMD1a
4
0.690805 0.3955
1.193 0.3955
1.193 0.4065
0.691855 0.4065
5.2

IMD1b
4
-1.0175 0.4065
-0.516355 0.4065
-0.52208 0.4665
-1.0175 0.4665
2.8

IMD1b
4
-0.383645 0.4065
-0.066355 0.4065
-0.07208 0.4665
-0.37792 0.4665
2.8

IMD1b
4
0.066355 0.4065
0.109145 0.4065
0.10342 0.4665
0.07208 0.4665
2.8

IMD1b
4
0.241855 0.4065
0.559145 0.4065
0.55342 0.4665
0.24758 0.4665
2.8

IMD1b
4
0.691855 0.4065
1.193 0.4065
1.193 0.4665
0.69758 0.4665
2.8

IMD2a
12
-1.0175 0.4665
-0.52208 0.4665
-0.37792 0.4665
-0.07208 0.4665
0.07208 0.4665
0.10342 0.4665
0.24758 0.4665
0.55342 0.4665
0.69758 0.4665
1.193 0.4665
1.193 0.4875
-1.0175 0.4875
5.2

IMD2b
4
-1.0175 0.4875
1.193 0.4875
1.193 0.5025
-1.0175 0.5025
4.2

IMD2c
4
-1.0175 0.5025
1.193 0.5025
1.193 0.5265
-1.0175 0.5265
3.28

IMD2d1
12
-1.0175 0.5265
1.193 0.5265
1.193 0.5445
0.474424 0.5445
0.416576 0.5445
0.114424 0.5445
0.056576 0.5445
0.028924 0.5445
-0.028924 0.5445
-0.331076 0.5445
-0.388924 0.5445
-1.0175 0.5445
2.65

IMD2d1
4
-1.0175 0.5445
-0.388924 0.5445
-0.389528 0.5545
-1.0175 0.5545
2.65

IMD2d1_damage
8
-0.388924 0.5445
-0.331076 0.5445
-0.330472 0.5545
-0.335481 0.5545
-0.34049 0.5545
-0.37951 0.5545
-0.384519 0.5545
-0.389528 0.5545
3.1

IMD2d1
4
-0.331076 0.5445
-0.028924 0.5445
-0.029528 0.5545
-0.330472 0.5545
2.65

IMD2d1_damage
9
-0.028924 0.5445
0.028924 0.5445
0.029528 0.5545
0.024519 0.5545
0.01951 0.5545
0 0.5545
-0.01951 0.5545
-0.024519 0.5545
-0.029528 0.5545
3.1

IMD2d1
4
0.028924 0.5445
0.056576 0.5445
0.055972 0.5545
0.029528 0.5545
2.65

IMD2d1_damage
8
0.056576 0.5445
0.114424 0.5445
0.115028 0.5545
0.110019 0.5545
0.10501 0.5545
0.06599 0.5545
0.060981 0.5545
0.055972 0.5545
3.1

IMD2d1
4
0.114424 0.5445
0.416576 0.5445
0.415972 0.5545
0.115028 0.5545
2.65

IMD2d1_damage
8
0.416576 0.5445
0.474424 0.5445
0.475028 0.5545
0.470019 0.5545
0.46501 0.5545
0.42599 0.5545
0.420981 0.5545
0.415972 0.5545
3.1

IMD2d1
4
0.474424 0.5445
1.193 0.5445
1.193 0.5545
0.475028 0.5545
2.65

IMD2d2
5
-1.0175 0.5545
-0.389528 0.5545
-0.384519 0.5545
-0.390499 0.6535
-1.0175 0.6535
2.65

IMD2d2_damage
4
-0.384519 0.5545
-0.37951 0.5545
-0.38549 0.6535
-0.390499 0.6535
2.9

IMD2d2_damage
4
-0.34049 0.5545
-0.335481 0.5545
-0.329501 0.6535
-0.33451 0.6535
2.9

IMD2d2
6
-0.335481 0.5545
-0.330472 0.5545
-0.029528 0.5545
-0.024519 0.5545
-0.030499 0.6535
-0.329501 0.6535
2.65

IMD2d2_damage
4
-0.024519 0.5545
-0.01951 0.5545
-0.02549 0.6535
-0.030499 0.6535
2.9

IMD2d2_damage
4
0.01951 0.5545
0.024519 0.5545
0.030499 0.6535
0.02549 0.6535
2.9

IMD2d2
6
0.024519 0.5545
0.029528 0.5545
0.055972 0.5545
0.060981 0.5545
0.055001 0.6535
0.030499 0.6535
2.65

IMD2d2_damage
4
0.060981 0.5545
0.06599 0.5545
0.06001 0.6535
0.055001 0.6535
2.9

IMD2d2_damage
4
0.10501 0.5545
0.110019 0.5545
0.115999 0.6535
0.11099 0.6535
2.9

IMD2d2
6
0.110019 0.5545
0.115028 0.5545
0.415972 0.5545
0.420981 0.5545
0.415001 0.6535
0.115999 0.6535
2.65

IMD2d2_damage
4
0.420981 0.5545
0.42599 0.5545
0.42001 0.6535
0.415001 0.6535
2.9

IMD2d2_damage
4
0.46501 0.5545
0.470019 0.5545
0.475999 0.6535
0.47099 0.6535
2.9

IMD2d2
5
0.470019 0.5545
0.475028 0.5545
1.193 0.5545
1.193 0.6535
0.475999 0.6535
2.65

IMD3a
21
-1.0175 0.6535
-0.390499 0.6535
-0.38549 0.6535
-0.33451 0.6535
-0.329501 0.6535
-0.030499 0.6535
-0.02549 0.6535
0 0.6535
0.02549 0.6535
0.030499 0.6535
0.055001 0.6535
0.06001 0.6535
0.11099 0.6535
0.115999 0.6535
0.415001 0.6535
0.42001 0.6535
0.47099 0.6535
0.475999 0.6535
1.193 0.6535
1.193 0.6745
-1.0175 0.6745
5.2

IMD3b
4
-1.0175 0.6745
1.193 0.6745
1.193 0.6895
-1.0175 0.6895
4.2

IMD3c
4
-1.0175 0.6895
1.193 0.6895
1.193 0.7135
-1.0175 0.7135
3.28

IMD3d1+IMD3d2
4
-1.0175 0.7135
1.193 0.7135
1.193 0.8405
-1.0175 0.8405
2.65

IMD4a
4
-1.0175 0.8405
1.193 0.8405
1.193 0.8615
-1.0175 0.8615
5.2

IMD4b
4
-1.0175 0.8615
1.193 0.8615
1.193 0.8765
-1.0175 0.8765
4.2

IMD4c
4
-1.0175 0.8765
1.193 0.8765
1.193 0.9005
-1.0175 0.9005
3.28

IMD4d1+IMD4d2
4
-1.0175 0.9005
1.193 0.9005
1.193 1.0275
-1.0175 1.0275
2.65

IMD5a
4
-1.0175 1.0275
1.193 1.0275
1.193 1.0485
-1.0175 1.0485
5.2

IMD5b
4
-1.0175 1.0485
1.193 1.0485
1.193 1.0635
-1.0175 1.0635
4.2

IMD5c
4
-1.0175 1.0635
1.193 1.0635
1.193 1.0875
-1.0175 1.0875
3.28

IMD5d1+IMD5d2
4
-1.0175 1.0875
1.193 1.0875
1.193 1.2145
-1.0175 1.2145
2.65

IMD6a
4
-1.0175 1.2145
1.193 1.2145
1.193 1.2355
-1.0175 1.2355
5.2

IMD6b
4
-1.0175 1.2355
1.193 1.2355
1.193 1.2505
-1.0175 1.2505
4.2

IMD6c
4
-1.0175 1.2505
1.193 1.2505
1.193 1.2745
-1.0175 1.2745
3.28

IMD6d1+IMD6d2
4
-1.0175 1.2745
1.193 1.2745
1.193 1.4015
-1.0175 1.4015
2.65

IMD7a
4
-1.0175 1.4015
1.193 1.4015
1.193 1.4765
-1.0175 1.4765
5.2

IMD7b1+IMD7b2
4
-1.0175 1.4765
1.193 1.4765
1.193 2.9765
-1.0175 2.9765
4.2

IMD8a
4
-1.0175 2.9765
1.193 2.9765
1.193 3.0515
-1.0175 3.0515
5.2

IMD8b1+IMD8b2
4
-1.0175 3.0515
1.193 3.0515
1.193 4.5515
-1.0175 4.5515
4.2

PASS1
4
-1.0175 4.5515
1.193 4.5515
1.193 4.6265
-1.0175 4.6265
7

PASS2
4
-1.0175 4.6265
1.193 4.6265
1.193 5.0265
-1.0175 5.0265
4.2

PASS3
4
-1.0175 5.0265
1.193 5.0265
1.193 5.1015
-1.0175 5.1015
7

PASS4+PASS5
4
-1.0175 5.1015
1.193 5.1015
1.193 6.0515
-1.0175 6.0515
4.2

PASS6
4
-1.0175 6.0515
1.193 6.0515
1.193 6.6515
-1.0175 6.6515
7

air_Layer
4
-1.0175 6.6515
1.193 6.6515
1.193 7.0565
-1.0175 7.0565
1


4
-1.0175 0.001
1.193 0.001
1.193 7.0565
-1.0175 7.0565

