c2
4
-0.01951 0.5545
0.01951 0.5545
0.02549 0.6535
-0.02549 0.6535

6
botleft
4
-5.2025 -0.001
0 -0.001
0 0.001
-5.2025 0.001

botright
4
0 -0.001
7.3175 -0.001
7.3175 0.001
0 0.001

c1left
6
-0.06292 0.3705
0 0.3705
0 0.4665
-0.07208 0.4665
-0.066355 0.4065
-0.065305 0.3955

c1
6
0 0.3705
0.06292 0.3705
0.065305 0.3955
0.066355 0.4065
0.07208 0.4665
0 0.4665

c3
8
0.52208 0.3705
1.41292 0.3705
1.415305 0.3955
1.416355 0.4065
1.42208 0.4665
0.51292 0.4665
0.518645 0.4065
0.519695 0.3955

c4
4
0.47549 0.5545
0.51451 0.5545
0.52049 0.6535
0.46951 0.6535


54
FOXA+FOXB+TOX
5
-5.2025 0.001
0 0.001
7.3175 0.001
7.3175 0.2665
-5.2025 0.2665
4

ILD1a
4
-5.2025 0.2665
7.3175 0.2665
7.3175 0.2765
-5.2025 0.2765
7

ILD1b1+ILD1b2
9
-5.2025 0.2765
7.3175 0.2765
7.3175 0.3705
1.41292 0.3705
0.52208 0.3705
0.06292 0.3705
0 0.3705
-0.06292 0.3705
-5.2025 0.3705
4

ILD1b3
4
-5.2025 0.3705
-0.06292 0.3705
-0.065305 0.3955
-5.2025 0.3955
4

ILD1b3
4
0.06292 0.3705
0.52208 0.3705
0.519695 0.3955
0.065305 0.3955
4

ILD1b3
4
1.41292 0.3705
7.3175 0.3705
7.3175 0.3955
1.415305 0.3955
4

IMD1a
4
-5.2025 0.3955
-0.065305 0.3955
-0.066355 0.4065
-5.2025 0.4065
5.2

IMD1a
4
0.065305 0.3955
0.519695 0.3955
0.518645 0.4065
0.066355 0.4065
5.2

IMD1a
4
1.415305 0.3955
7.3175 0.3955
7.3175 0.4065
1.416355 0.4065
5.2

IMD1b
4
-5.2025 0.4065
-0.066355 0.4065
-0.07208 0.4665
-5.2025 0.4665
2.8

IMD1b
4
0.066355 0.4065
0.518645 0.4065
0.51292 0.4665
0.07208 0.4665
2.8

IMD1b
4
1.416355 0.4065
7.3175 0.4065
7.3175 0.4665
1.42208 0.4665
2.8

IMD2a
9
-5.2025 0.4665
-0.07208 0.4665
0 0.4665
0.07208 0.4665
0.51292 0.4665
1.42208 0.4665
7.3175 0.4665
7.3175 0.4875
-5.2025 0.4875
5.2

IMD2b
4
-5.2025 0.4875
7.3175 0.4875
7.3175 0.5025
-5.2025 0.5025
4.2

IMD2c
4
-5.2025 0.5025
7.3175 0.5025
7.3175 0.5265
-5.2025 0.5265
3.28

IMD2d1
8
-5.2025 0.5265
7.3175 0.5265
7.3175 0.5445
0.523924 0.5445
0.466076 0.5445
0.028924 0.5445
-0.028924 0.5445
-5.2025 0.5445
2.65

IMD2d1
4
-5.2025 0.5445
-0.028924 0.5445
-0.029528 0.5545
-5.2025 0.5545
2.65

IMD2d1_damage
8
-0.028924 0.5445
0.028924 0.5445
0.029528 0.5545
0.024519 0.5545
0.01951 0.5545
-0.01951 0.5545
-0.024519 0.5545
-0.029528 0.5545
3.1

IMD2d1
4
0.028924 0.5445
0.466076 0.5445
0.465472 0.5545
0.029528 0.5545
2.65

IMD2d1_damage
8
0.466076 0.5445
0.523924 0.5445
0.524528 0.5545
0.519519 0.5545
0.51451 0.5545
0.47549 0.5545
0.470481 0.5545
0.465472 0.5545
3.1

IMD2d1
4
0.523924 0.5445
7.3175 0.5445
7.3175 0.5545
0.524528 0.5545
2.65

IMD2d2
5
-5.2025 0.5545
-0.029528 0.5545
-0.024519 0.5545
-0.030499 0.6535
-5.2025 0.6535
2.65

IMD2d2_damage
4
-0.024519 0.5545
-0.01951 0.5545
-0.02549 0.6535
-0.030499 0.6535
2.9

IMD2d2_damage
4
0.01951 0.5545
0.024519 0.5545
0.030499 0.6535
0.02549 0.6535
2.9

IMD2d2
6
0.024519 0.5545
0.029528 0.5545
0.465472 0.5545
0.470481 0.5545
0.464501 0.6535
0.030499 0.6535
2.65

IMD2d2_damage
4
0.470481 0.5545
0.47549 0.5545
0.46951 0.6535
0.464501 0.6535
2.9

IMD2d2_damage
4
0.51451 0.5545
0.519519 0.5545
0.525499 0.6535
0.52049 0.6535
2.9

IMD2d2
5
0.519519 0.5545
0.524528 0.5545
7.3175 0.5545
7.3175 0.6535
0.525499 0.6535
2.65

IMD3a
12
-5.2025 0.6535
-0.030499 0.6535
-0.02549 0.6535
0.02549 0.6535
0.030499 0.6535
0.464501 0.6535
0.46951 0.6535
0.52049 0.6535
0.525499 0.6535
7.3175 0.6535
7.3175 0.6745
-5.2025 0.6745
5.2

IMD3b
4
-5.2025 0.6745
7.3175 0.6745
7.3175 0.6895
-5.2025 0.6895
4.2

IMD3c
4
-5.2025 0.6895
7.3175 0.6895
7.3175 0.7135
-5.2025 0.7135
3.28

IMD3d1+IMD3d2
4
-5.2025 0.7135
7.3175 0.7135
7.3175 0.8405
-5.2025 0.8405
2.65

IMD4a
4
-5.2025 0.8405
7.3175 0.8405
7.3175 0.8615
-5.2025 0.8615
5.2

IMD4b
4
-5.2025 0.8615
7.3175 0.8615
7.3175 0.8765
-5.2025 0.8765
4.2

IMD4c
4
-5.2025 0.8765
7.3175 0.8765
7.3175 0.9005
-5.2025 0.9005
3.28

IMD4d1+IMD4d2
4
-5.2025 0.9005
7.3175 0.9005
7.3175 1.0275
-5.2025 1.0275
2.65

IMD5a
4
-5.2025 1.0275
7.3175 1.0275
7.3175 1.0485
-5.2025 1.0485
5.2

IMD5b
4
-5.2025 1.0485
7.3175 1.0485
7.3175 1.0635
-5.2025 1.0635
4.2

IMD5c
4
-5.2025 1.0635
7.3175 1.0635
7.3175 1.0875
-5.2025 1.0875
3.28

IMD5d1+IMD5d2
4
-5.2025 1.0875
7.3175 1.0875
7.3175 1.2145
-5.2025 1.2145
2.65

IMD6a
4
-5.2025 1.2145
7.3175 1.2145
7.3175 1.2355
-5.2025 1.2355
5.2

IMD6b
4
-5.2025 1.2355
7.3175 1.2355
7.3175 1.2505
-5.2025 1.2505
4.2

IMD6c
4
-5.2025 1.2505
7.3175 1.2505
7.3175 1.2745
-5.2025 1.2745
3.28

IMD6d1+IMD6d2
4
-5.2025 1.2745
7.3175 1.2745
7.3175 1.4015
-5.2025 1.4015
2.65

IMD7a
4
-5.2025 1.4015
7.3175 1.4015
7.3175 1.4765
-5.2025 1.4765
5.2

IMD7b1+IMD7b2
4
-5.2025 1.4765
7.3175 1.4765
7.3175 2.9765
-5.2025 2.9765
4.2

IMD8a
4
-5.2025 2.9765
7.3175 2.9765
7.3175 3.0515
-5.2025 3.0515
5.2

IMD8b1+IMD8b2
4
-5.2025 3.0515
7.3175 3.0515
7.3175 4.5515
-5.2025 4.5515
4.2

PASS1
4
-5.2025 4.5515
7.3175 4.5515
7.3175 4.6265
-5.2025 4.6265
7

PASS2
4
-5.2025 4.6265
7.3175 4.6265
7.3175 5.0265
-5.2025 5.0265
4.2

PASS3
4
-5.2025 5.0265
7.3175 5.0265
7.3175 5.1015
-5.2025 5.1015
7

PASS4+PASS5
4
-5.2025 5.1015
7.3175 5.1015
7.3175 6.0515
-5.2025 6.0515
4.2

PASS6
4
-5.2025 6.0515
7.3175 6.0515
7.3175 6.6515
-5.2025 6.6515
7

air_Layer
4
-5.2025 6.6515
7.3175 6.6515
7.3175 6.9485
-5.2025 6.9485
1


4
-5.2025 0.001
7.3175 0.001
7.3175 6.9485
-5.2025 6.9485

