index	 |	 c12	 c1t	 c1b	 c1tb	 c1e	 
1	 |	 -0.183176	 -0.0044217	 -0.0043972	 4.9e-07	 -0.00704996	 
2	 |	 -0.191816	 -0.00664557	 -0.00696911	 -2.155e-05	 -0.00257647	 
3	 |	 -0.192169	 -0.00787622	 -0.00827713	 -2.81e-05	 0	 
4	 |	 -0.108698	 -0.00495778	 -0.0048632	 -1.29e-06	 -0.00642902	 
5	 |	 -0.116412	 -0.00716266	 -0.00742891	 -3.008e-05	 -0.00238149	 
6	 |	 -0.11717	 -0.00820356	 -0.00865733	 -3.956e-05	 0	 
7	 |	 -0.0993244	 -0.00508188	 -0.00497914	 -1.67e-06	 -0.00632295	 
8	 |	 -0.106699	 -0.00727536	 -0.00752896	 -3.209e-05	 -0.00232564	 
9	 |	 -0.1067	 -0.00825918	 -0.008746	 -4.253e-05	 0	 
10	 |	 -0.0536439	 -0.00642176	 -0.00616776	 -9.07e-06	 -0.00524173	 
11	 |	 -0.0600536	 -0.00855691	 -0.00863734	 -5.369e-05	 -0.00204452	 
12	 |	 -0.0607459	 -0.00948014	 -0.00973135	 -7.194e-05	 0	 
13	 |	 -0.0363079	 -0.00772525	 -0.00729171	 -2.864e-05	 -0.00443902	 
14	 |	 -0.0415112	 -0.00986379	 -0.00984131	 -8.672e-05	 -0.00167561	 
15	 |	 -0.0419242	 -0.0107589	 -0.010827	 -0.00010511	 0	 
16	 |	 -0.0268885	 -0.00899835	 -0.00845349	 -9.197e-05	 -0.00368286	 
17	 |	 -0.031024	 -0.011222	 -0.0109341	 -0.00016082	 -0.00143328	 
18	 |	 -0.031475	 -0.0120022	 -0.0118809	 -0.00018537	 0	 
19	 |	 -0.0206557	 -0.0102157	 -0.00946383	 -0.00022965	 -0.00316854	 
20	 |	 -0.0242893	 -0.0124437	 -0.012078	 -0.00031133	 -0.00124031	 
21	 |	 -0.0248648	 -0.0130067	 -0.012806	 -0.00034148	 0	 
22	 |	 -0.0131843	 -0.0122173	 -0.0112726	 -0.00085357	 -0.00222602	 
23	 |	 -0.0158468	 -0.0146014	 -0.0139822	 -0.00097166	 -0.00082043	 
24	 |	 -0.0162071	 -0.0150262	 -0.0146047	 -0.00100998	 0	 
25	 |	 -0.00726066	 -0.014564	 -0.0133862	 -0.00292217	 -0.00121073	 
26	 |	 -0.00868257	 -0.0170856	 -0.0162964	 -0.00308856	 -0.00045608	 
27	 |	 -0.00927759	 -0.017194	 -0.0167791	 -0.00304218	 0	 
28	 |	 -0.00347207	 -0.0163569	 -0.0151073	 -0.00732802	 -0.00055126	 
29	 |	 -0.00412848	 -0.0189869	 -0.0182021	 -0.00750516	 -0.00020802	 
30	 |	 -0.00429069	 -0.0193433	 -0.0186881	 -0.00756444	 0	 
31	 |	 -0.00161304	 -0.0172478	 -0.0160218	 -0.0133147	 -0.00031408	 
32	 |	 -0.00204413	 -0.0199969	 -0.0191337	 -0.0135516	 -9.12e-05	 
33	 |	 -0.00207889	 -0.0203649	 -0.0196704	 -0.0136249	 0	 
34	 |	 0	 -0.0181797	 -0.0169624	 -0.187165	 0	 
35	 |	 0	 -0.0209104	 -0.0201937	 -0.188319	 0	 
36	 |	 0	 -0.021331	 -0.0206832	 -0.187007	 0	 
37	 |	 -0.189015	 -0.00394232	 -0.0038782	 -2.1e-06	 -0.0021959	 
38	 |	 -0.195	 -0.00583683	 -0.00612439	 -2.932e-05	 -0.00096964	 
39	 |	 -0.196124	 -0.00636031	 -0.00689798	 -3.818e-05	 0	 
40	 |	 -0.114488	 -0.00446808	 -0.00435657	 -3.31e-06	 -0.00209338	 
41	 |	 -0.11986	 -0.00640074	 -0.00664489	 -3.444e-05	 -0.0009506	 
42	 |	 -0.120471	 -0.00676122	 -0.00729113	 -3.827e-05	 0	 
43	 |	 -0.10466	 -0.00461472	 -0.0044778	 -3.5e-06	 -0.00206942	 
44	 |	 -0.110199	 -0.00651335	 -0.00674931	 -3.525e-05	 -0.00091683	 
45	 |	 -0.110881	 -0.00700502	 -0.00748406	 -3.664e-05	 0	 
46	 |	 -0.0580828	 -0.00600522	 -0.00570898	 -8.38e-06	 -0.0017684	 
47	 |	 -0.0628885	 -0.00788402	 -0.00798641	 -4.911e-05	 -0.00085992	 
48	 |	 -0.0629516	 -0.00829846	 -0.00865901	 -5.097e-05	 0	 
49	 |	 -0.0399782	 -0.00737141	 -0.00688559	 -3.292e-05	 -0.00161865	 
50	 |	 -0.0438606	 -0.00934875	 -0.00922767	 -8.03e-05	 -0.00070378	 
51	 |	 -0.0441896	 -0.00974215	 -0.00983745	 -9.547e-05	 0	 
52	 |	 -0.0298194	 -0.00867113	 -0.00804489	 -0.00011003	 -0.00139208	 
53	 |	 -0.0329539	 -0.0107198	 -0.0104416	 -0.00016347	 -0.0006285	 
54	 |	 -0.0333735	 -0.0110896	 -0.0110565	 -0.00016623	 0	 
55	 |	 -0.0231196	 -0.00994721	 -0.00912501	 -0.00027148	 -0.00120008	 
56	 |	 -0.0258248	 -0.0120711	 -0.0116714	 -0.00033764	 -0.00054727	 
57	 |	 -0.0261449	 -0.012323	 -0.0122057	 -0.00034619	 0	 
58	 |	 -0.014842	 -0.012127	 -0.0110347	 -0.00096667	 -0.00085382	 
59	 |	 -0.0166175	 -0.0143797	 -0.0136691	 -0.00105583	 -0.00040712	 
60	 |	 -0.0169269	 -0.0147534	 -0.014276	 -0.00107893	 0	 
61	 |	 -0.00818124	 -0.0144675	 -0.0132379	 -0.00314654	 -0.00054095	 
62	 |	 -0.00932485	 -0.0169155	 -0.0160883	 -0.00326863	 -0.00025339	 
63	 |	 -0.00922925	 -0.0169853	 -0.0166814	 -0.00328093	 0	 
64	 |	 -0.00376434	 -0.0162953	 -0.0150643	 -0.00769019	 -0.00024773	 
65	 |	 -0.00432682	 -0.0189649	 -0.0180936	 -0.00784905	 -9.516e-05	 
66	 |	 -0.00434217	 -0.0192821	 -0.0186257	 -0.00785013	 0	 
67	 |	 -0.00183622	 -0.0173048	 -0.0160294	 -0.0138456	 -9.536e-05	 
68	 |	 -0.00214123	 -0.0200471	 -0.0190469	 -0.0138914	 -5.075e-05	 
69	 |	 -0.00208251	 -0.0203195	 -0.0196238	 -0.013932	 0	 
70	 |	 0	 -0.0181726	 -0.0169542	 -0.189125	 0	 
71	 |	 0	 -0.021017	 -0.0201845	 -0.190371	 0	 
72	 |	 0	 -0.021316	 -0.0206231	 -0.189002	 0	 
73	 |	 -0.191522	 -0.00383855	 -0.00373069	 -1.357e-05	 -1.38e-06	 
74	 |	 -0.197152	 -0.00552395	 -0.00575872	 -4.244e-05	 -2.08e-06	 
75	 |	 -0.197075	 -0.00575155	 -0.00608461	 -0.00024509	 0	 
76	 |	 -0.116373	 -0.00436432	 -0.00422152	 -1.351e-05	 -2.15e-06	 
77	 |	 -0.121826	 -0.00612822	 -0.00627358	 -4.308e-05	 -1.63e-06	 
78	 |	 -0.122073	 -0.00632589	 -0.00662784	 -0.00024691	 0	 
79	 |	 -0.106723	 -0.00451356	 -0.00434261	 -1.334e-05	 -2.27e-06	 
80	 |	 -0.112008	 -0.00627171	 -0.00641149	 -4.334e-05	 -1.93e-06	 
81	 |	 -0.112444	 -0.00649503	 -0.00675628	 -0.00024744	 0	 
82	 |	 -0.0600936	 -0.0059198	 -0.00556937	 -1.996e-05	 -1.87e-06	 
83	 |	 -0.064102	 -0.00772289	 -0.0077279	 -5.811e-05	 -6.8e-07	 
84	 |	 -0.0639604	 -0.00793335	 -0.00800739	 -0.00025561	 0	 
85	 |	 -0.0416588	 -0.00730633	 -0.00675496	 -5.09e-05	 -9e-07	 
86	 |	 -0.0448483	 -0.00920718	 -0.00902916	 -0.00015212	 -1.72e-06	 
87	 |	 -0.0453133	 -0.00943101	 -0.00941047	 -0.00030355	 0	 
88	 |	 -0.0313569	 -0.00863457	 -0.00795088	 -0.00015317	 -1.42e-06	 
89	 |	 -0.0338511	 -0.0106377	 -0.0103006	 -0.00029305	 -5.5e-07	 
90	 |	 -0.0341303	 -0.0108667	 -0.0106847	 -0.00042354	 0	 
91	 |	 -0.0244984	 -0.00986018	 -0.00902025	 -0.00039313	 -1.26e-06	 
92	 |	 -0.0265888	 -0.0119819	 -0.0115026	 -0.00047263	 -1.78e-06	 
93	 |	 -0.0267233	 -0.0121931	 -0.0118902	 -0.00060807	 0	 
94	 |	 -0.0158065	 -0.0120132	 -0.0109853	 -0.00125125	 -1.02e-06	 
95	 |	 -0.0171956	 -0.0143063	 -0.013637	 -0.00135444	 -2.13e-06	 
96	 |	 -0.0173819	 -0.0145228	 -0.0140257	 -0.00158489	 0	 
97	 |	 -0.00879789	 -0.0143512	 -0.0131907	 -0.00365077	 -4.13e-06	 
98	 |	 -0.00957069	 -0.0169022	 -0.0160125	 -0.00370098	 -3.61e-06	 
99	 |	 -0.00956935	 -0.0171075	 -0.0164843	 -0.00376109	 0	 
100	 |	 -0.0041559	 -0.0163058	 -0.0150215	 -0.0085624	 6.5e-07	 
101	 |	 -0.00450232	 -0.0189267	 -0.018016	 -0.00867769	 -3.56e-06	 
102	 |	 -0.00459161	 -0.0191204	 -0.0185169	 -0.00874664	 0	 
103	 |	 -0.0019687	 -0.0173005	 -0.0160284	 -0.0148232	 -2.53e-06	 
104	 |	 -0.00214019	 -0.0200517	 -0.0191409	 -0.0148817	 -2.3e-06	 
105	 |	 -0.00213346	 -0.0202436	 -0.0196447	 -0.0149346	 0	 
106	 |	 0	 -0.0181658	 -0.0169643	 -0.205379	 0	 
107	 |	 0	 -0.0209026	 -0.0201467	 -0.205432	 0	 
108	 |	 0	 -0.0211064	 -0.0206137	 -0.205302	 0	 
109	 |	 -0.188975	 -0.00910323	 -0.00897175	 -1.92e-06	 -0.00945946	 
110	 |	 -0.193896	 -0.0108075	 -0.0112163	 -2.932e-05	 -0.00318196	 
111	 |	 -0.194596	 -0.0121155	 -0.012647	 -3.592e-05	 0	 
112	 |	 -0.113857	 -0.00963791	 -0.00947246	 -2.92e-06	 -0.00849919	 
113	 |	 -0.11955	 -0.0112924	 -0.011664	 -3.413e-05	 -0.00292908	 
114	 |	 -0.120202	 -0.0124711	 -0.0129517	 -4.249e-05	 0	 
115	 |	 -0.104412	 -0.00979385	 -0.00960072	 -3.54e-06	 -0.00826742	 
116	 |	 -0.109862	 -0.0114033	 -0.0117629	 -3.525e-05	 -0.00286933	 
117	 |	 -0.110562	 -0.0125773	 -0.013045	 -3.664e-05	 0	 
118	 |	 -0.0578945	 -0.0112675	 -0.0108725	 -8.39e-06	 -0.00655119	 
119	 |	 -0.0628241	 -0.012898	 -0.0129944	 -4.911e-05	 -0.00230737	 
120	 |	 -0.0633844	 -0.0138855	 -0.0141538	 -5.098e-05	 0	 
121	 |	 -0.0397125	 -0.0127749	 -0.0121898	 -3.287e-05	 -0.00532175	 
122	 |	 -0.0437831	 -0.0143872	 -0.0142665	 -8.031e-05	 -0.0019668	 
123	 |	 -0.0441893	 -0.0152443	 -0.0152584	 -9.764e-05	 0	 
124	 |	 -0.0297429	 -0.014254	 -0.0134788	 -0.00011	 -0.00438477	 
125	 |	 -0.0328226	 -0.0159118	 -0.0155805	 -0.00016346	 -0.00164086	 
126	 |	 -0.0332583	 -0.0166782	 -0.0164465	 -0.00016623	 0	 
127	 |	 -0.023144	 -0.0157207	 -0.0146819	 -0.00027117	 -0.00362616	 
128	 |	 -0.0257429	 -0.0172128	 -0.0167689	 -0.00033766	 -0.00124328	 
129	 |	 -0.026252	 -0.0178088	 -0.0174376	 -0.00034613	 0	 
130	 |	 -0.0147512	 -0.0180941	 -0.0168455	 -0.00096632	 -0.00246492	 
131	 |	 -0.0166633	 -0.0196155	 -0.0189156	 -0.00105628	 -0.00084865	 
132	 |	 -0.01731	 -0.0198914	 -0.0193391	 -0.00107868	 0	 
133	 |	 -0.00821666	 -0.0204515	 -0.0192377	 -0.0030639	 -0.00135145	 
134	 |	 -0.00930183	 -0.0221584	 -0.0213567	 -0.00326862	 -0.00045728	 
135	 |	 -0.0097312	 -0.0225211	 -0.0217401	 -0.00328083	 0	 
136	 |	 -0.00392421	 -0.0225086	 -0.021261	 -0.00768993	 -0.00067881	 
137	 |	 -0.00454306	 -0.0240245	 -0.0232888	 -0.00784886	 -0.00020383	 
138	 |	 -0.0046607	 -0.024452	 -0.0237341	 -0.00784954	 0	 
139	 |	 -0.00184906	 -0.0238346	 -0.0223329	 -0.0137923	 -0.00031475	 
140	 |	 -0.0022263	 -0.0251883	 -0.0244281	 -0.0138921	 -9.556e-05	 
141	 |	 -0.00243728	 -0.0251796	 -0.0246132	 -0.0139326	 0	 
142	 |	 0	 -0.0247949	 -0.0233509	 -0.187513	 0	 
143	 |	 0	 -0.0262691	 -0.025458	 -0.188384	 0	 
144	 |	 0	 -0.026393	 -0.0258718	 -0.187752	 0	 
145	 |	 -0.197215	 -0.00838938	 -0.00816002	 2.72e-06	 -0.00317402	 
146	 |	 -0.200205	 -0.0098139	 -0.0102066	 -2.834e-05	 -0.00125902	 
147	 |	 -0.20106	 -0.0104177	 -0.0109206	 -3.09e-05	 0	 
148	 |	 -0.121008	 -0.00901407	 -0.00872275	 2.76e-06	 -0.00295007	 
149	 |	 -0.124115	 -0.0106129	 -0.0107035	 -3.024e-05	 -0.00121024	 
150	 |	 -0.124487	 -0.0111949	 -0.0113756	 -3.163e-05	 0	 
151	 |	 -0.111312	 -0.00917128	 -0.00886255	 2.66e-06	 -0.00289368	 
152	 |	 -0.114345	 -0.0107738	 -0.010839	 -2.957e-05	 -0.00120083	 
153	 |	 -0.11481	 -0.0113427	 -0.0115092	 -3.625e-05	 0	 
154	 |	 -0.0633444	 -0.0107812	 -0.01028	 -2.2e-06	 -0.00236525	 
155	 |	 -0.0654886	 -0.0123592	 -0.0122675	 -3.718e-05	 -0.00104169	 
156	 |	 -0.066191	 -0.0128717	 -0.0128477	 -4.197e-05	 0	 
157	 |	 -0.0439037	 -0.0123547	 -0.0116796	 -3.153e-05	 -0.00201234	 
158	 |	 -0.0460065	 -0.0139158	 -0.0136917	 -7.117e-05	 -0.00085929	 
159	 |	 -0.0465493	 -0.0143437	 -0.0141853	 -7.64e-05	 0	 
160	 |	 -0.0332755	 -0.014019	 -0.0130182	 -0.00011988	 -0.00171617	 
161	 |	 -0.0349365	 -0.0154101	 -0.015041	 -0.0001664	 -0.00072973	 
162	 |	 -0.0351122	 -0.01586	 -0.0154682	 -0.00016903	 0	 
163	 |	 -0.0257634	 -0.0152675	 -0.0143278	 -0.00030797	 -0.00147695	 
164	 |	 -0.0273476	 -0.0168638	 -0.0163277	 -0.00035233	 -0.0006002	 
165	 |	 -0.027571	 -0.0171962	 -0.0167446	 -0.00070639	 0	 
166	 |	 -0.0166125	 -0.0176849	 -0.0165316	 -0.00108987	 -0.00112392	 
167	 |	 -0.0175728	 -0.0192882	 -0.0186094	 -0.00114476	 -0.00046932	 
168	 |	 -0.0179655	 -0.0196423	 -0.019017	 -0.00115282	 0	 
169	 |	 -0.00913063	 -0.020338	 -0.0190797	 -0.00342069	 -0.00061553	 
170	 |	 -0.00971627	 -0.0219159	 -0.0211529	 -0.00348985	 -0.00021354	 
171	 |	 -0.00987697	 -0.0222068	 -0.0215758	 -0.00350534	 0	 
172	 |	 -0.00429484	 -0.022762	 -0.0212213	 -0.00814363	 -0.00030276	 
173	 |	 -0.00454409	 -0.0241483	 -0.0233373	 -0.00863833	 -9.825e-05	 
174	 |	 -0.00452261	 -0.0244162	 -0.0237275	 -0.00811769	 0	 
175	 |	 -0.00208387	 -0.0235713	 -0.0222742	 -0.0141917	 -0.00012115	 
176	 |	 -0.00225717	 -0.0252817	 -0.0244107	 -0.014295	 -4.104e-05	 
177	 |	 -0.00242584	 -0.0253665	 -0.0246906	 -0.0142702	 0	 
178	 |	 0	 -0.0246253	 -0.0233838	 -0.189462	 0	 
179	 |	 0	 -0.0262716	 -0.025453	 -0.19057	 0	 
180	 |	 0	 -0.0264068	 -0.025895	 -0.18944	 0	 
181	 |	 -0.2007	 -0.00823734	 -0.0079641	 -7.2e-07	 -4.23e-06	 
182	 |	 -0.202766	 -0.00965113	 -0.00968966	 -2.013e-05	 -7.28e-06	 
183	 |	 -0.201557	 -0.00979699	 -0.00997962	 -1.812e-05	 0	 
184	 |	 -0.124476	 -0.00889392	 -0.00853507	 4.04e-06	 -6.04e-06	 
185	 |	 -0.126541	 -0.0101157	 -0.0102756	 -3.11e-05	 -3e-06	 
186	 |	 -0.126368	 -0.0102174	 -0.0105667	 -1.776e-05	 0	 
187	 |	 -0.114815	 -0.00905407	 -0.00867777	 -7.4e-07	 -6.58e-06	 
188	 |	 -0.116714	 -0.0102814	 -0.0104198	 -3.11e-05	 -3.11e-06	 
189	 |	 -0.116164	 -0.0106544	 -0.0106909	 -1.721e-05	 0	 
190	 |	 -0.0659878	 -0.0107018	 -0.0100899	 -2.55e-06	 -9.66e-06	 
191	 |	 -0.0669005	 -0.0121285	 -0.0118965	 -4.088e-05	 -7.88e-06	 
192	 |	 -0.0673889	 -0.0122918	 -0.0121779	 -0.00015606	 0	 
193	 |	 -0.0463326	 -0.0122869	 -0.0115218	 -5.669e-05	 -7.9e-06	 
194	 |	 -0.0473209	 -0.0137378	 -0.0133499	 -6.675e-05	 -3.72e-06	 
195	 |	 -0.0476856	 -0.0139177	 -0.0136051	 -0.00020251	 0	 
196	 |	 -0.0350106	 -0.0138215	 -0.0129237	 -0.00018752	 -7.14e-06	 
197	 |	 -0.03588	 -0.0153232	 -0.0147758	 -0.00021916	 -6.69e-06	 
198	 |	 -0.0359006	 -0.0154712	 -0.0150316	 -0.00034003	 0	 
199	 |	 -0.0275153	 -0.0152346	 -0.014215	 -0.00046962	 -7.48e-06	 
200	 |	 -0.0281411	 -0.0167438	 -0.0160848	 -0.00048062	 -6.61e-06	 
201	 |	 -0.0282059	 -0.0169127	 -0.0163718	 -0.00061896	 0	 
202	 |	 -0.0177552	 -0.0176298	 -0.0164382	 -0.00137622	 -6.87e-06	 
203	 |	 -0.0182252	 -0.0192908	 -0.0184129	 -0.00141864	 -7.14e-06	 
204	 |	 -0.0185184	 -0.019389	 -0.0187327	 -0.00173243	 0	 
205	 |	 -0.0099406	 -0.0205688	 -0.0190447	 -0.00389404	 -5.69e-06	 
206	 |	 -0.0102286	 -0.0218869	 -0.0209732	 -0.00389879	 -6.22e-06	 
207	 |	 -0.0105909	 -0.0219821	 -0.0213615	 -0.00391211	 0	 
208	 |	 -0.00459792	 -0.0224729	 -0.0211696	 -0.00893997	 -5.39e-06	 
209	 |	 -0.00487627	 -0.024146	 -0.0232131	 -0.00913847	 -4.01e-06	 
210	 |	 -0.00480101	 -0.0243032	 -0.0235844	 -0.00900956	 0	 
211	 |	 -0.0022997	 -0.0235255	 -0.0222068	 -0.0152846	 -4.62e-06	 
212	 |	 -0.00232429	 -0.0251621	 -0.0243807	 -0.0153765	 -7.95e-06	 
213	 |	 -0.00231672	 -0.0253403	 -0.0247429	 -0.0153384	 0	 
214	 |	 0	 -0.0245408	 -0.0232514	 -0.205096	 0	 
215	 |	 0	 -0.0263368	 -0.0254612	 -0.205851	 0	 
216	 |	 0	 -0.0264558	 -0.0258204	 -0.205909	 0	 
217	 |	 -0.190536	 -0.0475111	 -0.0460446	 -1.357e-05	 -0.0110851	 
218	 |	 -0.196071	 -0.047973	 -0.046649	 -4.245e-05	 -0.00346881	 
219	 |	 -0.196647	 -0.0491937	 -0.0479419	 -0.00024511	 0	 
220	 |	 -0.115405	 -0.0483423	 -0.046772	 -1.351e-05	 -0.00985181	 
221	 |	 -0.120248	 -0.0487558	 -0.0471792	 -4.31e-05	 -0.00318692	 
222	 |	 -0.12222	 -0.0498125	 -0.0484605	 -0.00024689	 0	 
223	 |	 -0.106503	 -0.0484381	 -0.0469396	 -1.334e-05	 -0.00970807	 
224	 |	 -0.112087	 -0.0488406	 -0.0473932	 -4.33e-05	 -0.00315295	 
225	 |	 -0.111708	 -0.0499854	 -0.0485947	 -0.00024743	 0	 
226	 |	 -0.059062	 -0.0506353	 -0.0486972	 -1.996e-05	 -0.00755948	 
227	 |	 -0.0637501	 -0.0506449	 -0.0490966	 -5.811e-05	 -0.00248382	 
228	 |	 -0.0638172	 -0.0516825	 -0.0498873	 -0.00025557	 0	 
229	 |	 -0.0414533	 -0.0522688	 -0.0504568	 -5.09e-05	 -0.00601424	 
230	 |	 -0.0443593	 -0.0524876	 -0.050711	 -0.00015216	 -0.00214831	 
231	 |	 -0.0447959	 -0.0529809	 -0.0513207	 -0.00030358	 0	 
232	 |	 -0.0309724	 -0.0539153	 -0.0520177	 -0.00015317	 -0.00506252	 
233	 |	 -0.034243	 -0.0541527	 -0.052366	 -0.00029305	 -0.00163688	 
234	 |	 -0.0342293	 -0.0545624	 -0.052713	 -0.0004235	 0	 
235	 |	 -0.0242765	 -0.0556361	 -0.0535402	 -0.00039313	 -0.00410598	 
236	 |	 -0.0267027	 -0.0555978	 -0.0537728	 -0.00047264	 -0.00148861	 
237	 |	 -0.0274114	 -0.0559504	 -0.0540861	 -0.0006083	 0	 
238	 |	 -0.0155489	 -0.0581512	 -0.0561053	 -0.00125141	 -0.0028402	 
239	 |	 -0.0174405	 -0.0582046	 -0.0562287	 -0.00135457	 -0.00100753	 
240	 |	 -0.0180107	 -0.0583812	 -0.056448	 -0.00158488	 0	 
241	 |	 -0.00880047	 -0.0610249	 -0.0589242	 -0.00365076	 -0.00154627	 
242	 |	 -0.00977007	 -0.060828	 -0.0589175	 -0.00370217	 -0.00066479	 
243	 |	 -0.00985826	 -0.0606715	 -0.0588085	 -0.00376148	 0	 
244	 |	 -0.00415143	 -0.0633186	 -0.0611255	 -0.00856216	 -0.0006931	 
245	 |	 -0.00447587	 -0.0633722	 -0.0612132	 -0.00868238	 -0.00035665	 
246	 |	 -0.00485438	 -0.0631825	 -0.0609882	 -0.00874528	 0	 
247	 |	 -0.0019365	 -0.0642933	 -0.0621503	 -0.0148237	 -0.00044885	 
248	 |	 -0.0023775	 -0.0640709	 -0.0621216	 -0.0148831	 -0.00013837	 
249	 |	 -0.00249971	 -0.0642288	 -0.0623333	 -0.0149327	 0	 
250	 |	 0	 -0.065534	 -0.0633863	 -0.188675	 0	 
251	 |	 0	 -0.0654016	 -0.0631568	 -0.188813	 0	 
252	 |	 0	 -0.0652441	 -0.0632066	 -0.188675	 0	 
253	 |	 -0.199585	 -0.0466665	 -0.0449792	 -6.8e-07	 -0.00393103	 
254	 |	 -0.202137	 -0.0469428	 -0.0454316	 -1.933e-05	 -0.00135283	 
255	 |	 -0.201583	 -0.0474517	 -0.0458709	 -1.81e-05	 0	 
256	 |	 -0.123505	 -0.0477529	 -0.0458653	 -6.1e-07	 -0.00355287	 
257	 |	 -0.126595	 -0.047665	 -0.0462299	 -3.11e-05	 -0.00126561	 
258	 |	 -0.126001	 -0.0481538	 -0.0465071	 -1.808e-05	 0	 
259	 |	 -0.114131	 -0.0479593	 -0.0460619	 -6.4e-07	 -0.00347005	 
260	 |	 -0.114963	 -0.0479489	 -0.0464211	 -3.111e-05	 -0.00136312	 
261	 |	 -0.116291	 -0.0483012	 -0.046679	 -1.722e-05	 0	 
262	 |	 -0.0659898	 -0.0498703	 -0.0480391	 -7.71e-06	 -0.0028328	 
263	 |	 -0.066819	 -0.0499057	 -0.0483143	 -4.087e-05	 -0.00111025	 
264	 |	 -0.0672493	 -0.050276	 -0.0488158	 -0.00015607	 0	 
265	 |	 -0.0459733	 -0.0517741	 -0.0498795	 -4.183e-05	 -0.00229745	 
266	 |	 -0.0473274	 -0.0519178	 -0.0500254	 -6.675e-05	 -0.00078189	 
267	 |	 -0.0477379	 -0.0521386	 -0.0503465	 -0.00020405	 0	 
268	 |	 -0.035107	 -0.0536014	 -0.0515535	 -0.00018784	 -0.00187865	 
269	 |	 -0.0361607	 -0.0536975	 -0.0518205	 -0.00021918	 -0.00072226	 
270	 |	 -0.0355509	 -0.053851	 -0.0520081	 -0.00034009	 0	 
271	 |	 -0.0274205	 -0.0552311	 -0.0531565	 -0.0004692	 -0.00159567	 
272	 |	 -0.0284278	 -0.0553584	 -0.0533077	 -0.00048075	 -0.0005379	 
273	 |	 -0.0280028	 -0.0555344	 -0.0536592	 -0.00061905	 0	 
274	 |	 -0.0178799	 -0.0579851	 -0.0557756	 -0.00137729	 -0.00110414	 
275	 |	 -0.018219	 -0.0579824	 -0.0559984	 -0.00141904	 -0.00047684	 
276	 |	 -0.0184044	 -0.0582221	 -0.0558061	 -0.00173285	 0	 
277	 |	 -0.00981725	 -0.0609493	 -0.0587439	 -0.00388754	 -0.00060895	 
278	 |	 -0.0100609	 -0.0608647	 -0.0588182	 -0.00390041	 -0.00032515	 
279	 |	 -0.0103092	 -0.060924	 -0.0589676	 -0.00391413	 0	 
280	 |	 -0.00485899	 -0.0631238	 -0.0609273	 -0.00894715	 -0.0002078	 
281	 |	 -0.00488771	 -0.063039	 -0.0608041	 -0.00914031	 -0.0002862	 
282	 |	 -0.00504745	 -0.0631456	 -0.0610716	 -0.00900945	 0	 
283	 |	 -0.00240531	 -0.0641301	 -0.0621246	 -0.0152625	 -9.028e-05	 
284	 |	 -0.00213755	 -0.0643145	 -0.0625751	 -0.0153763	 -0.00018363	 
285	 |	 -0.00258463	 -0.0640459	 -0.0625128	 -0.0153419	 0	 
286	 |	 0	 -0.0654156	 -0.0633154	 -0.190697	 0	 
287	 |	 0	 -0.0654252	 -0.0633652	 -0.190833	 0	 
288	 |	 0	 -0.0650771	 -0.0633535	 -0.190442	 0	 
289	 |	 -0.20526	 -0.0465659	 -0.0447323	 2e-08	 2.119e-05	 
290	 |	 -0.203463	 -0.0465385	 -0.0448103	 1.47e-06	 -4.81e-06	 
291	 |	 -0.204106	 -0.0465278	 -0.0448349	 -5.09e-06	 0	 
292	 |	 -0.128687	 -0.0474425	 -0.045571	 -2e-08	 1.96e-05	 
293	 |	 -0.127294	 -0.0474099	 -0.0456621	 1.75e-06	 -3.79e-06	 
294	 |	 -0.127499	 -0.0473774	 -0.0456327	 -4.29e-06	 0	 
295	 |	 -0.118433	 -0.0476792	 -0.0457828	 -4e-08	 1.579e-05	 
296	 |	 -0.117367	 -0.0476313	 -0.0458175	 1.7e-06	 2.43e-06	 
297	 |	 -0.117534	 -0.0476095	 -0.045804	 -4.4e-06	 0	 
298	 |	 -0.0687117	 -0.0497511	 -0.0478094	 -3.05e-06	 1.009e-05	 
299	 |	 -0.0684841	 -0.0498043	 -0.0478456	 -3.31e-06	 -6.3e-06	 
300	 |	 -0.0684457	 -0.0498257	 -0.0478388	 -4.49e-06	 0	 
301	 |	 -0.0487737	 -0.0517936	 -0.0496413	 -9.099e-05	 2.743e-05	 
302	 |	 -0.0484146	 -0.0513746	 -0.0497921	 -9.547e-05	 1.92e-06	 
303	 |	 -0.0486599	 -0.0513663	 -0.0497338	 -0.00010103	 0	 
304	 |	 -0.0372606	 -0.0535313	 -0.0514495	 -0.00029105	 -9.73e-06	 
305	 |	 -0.0373024	 -0.0535656	 -0.0514805	 -0.0002875	 -5.56e-06	 
306	 |	 -0.0361727	 -0.0533508	 -0.0514622	 -0.0002985	 0	 
307	 |	 -0.0294025	 -0.0551051	 -0.0530171	 -0.00057491	 -9.93e-06	 
308	 |	 -0.0290605	 -0.0551818	 -0.0531196	 -0.00057397	 -1.95e-06	 
309	 |	 -0.0291829	 -0.0551588	 -0.0531123	 -0.00065203	 0	 
310	 |	 -0.0191853	 -0.0578971	 -0.0556295	 -0.00196434	 -7.76e-06	 
311	 |	 -0.0190371	 -0.057745	 -0.0557393	 -0.00194359	 2.68e-06	 
312	 |	 -0.0188477	 -0.0577062	 -0.0558412	 -0.00166406	 0	 
313	 |	 -0.0106933	 -0.0608995	 -0.0586359	 -0.00445806	 -4.96e-06	 
314	 |	 -0.0106912	 -0.0608873	 -0.0586628	 -0.00449897	 8.8e-07	 
315	 |	 -0.0103419	 -0.0608069	 -0.0587553	 -0.00438567	 0	 
316	 |	 -0.00505654	 -0.0631392	 -0.0608886	 -0.00981489	 5.4e-07	 
317	 |	 -0.00497097	 -0.0630147	 -0.0609185	 -0.00981	 -3.63e-06	 
318	 |	 -0.0050507	 -0.0631867	 -0.0610068	 -0.00946221	 0	 
319	 |	 -0.00217189	 -0.0644061	 -0.0622556	 -0.0162559	 -6.31e-06	 
320	 |	 -0.00221147	 -0.0644937	 -0.0622748	 -0.0162325	 -7.3e-07	 
321	 |	 -0.0024223	 -0.0643992	 -0.0622186	 -0.0162101	 0	 
322	 |	 0	 -0.0649813	 -0.0632286	 -0.206806	 0	 
323	 |	 0	 -0.0654883	 -0.0634344	 -0.206839	 0	 
324	 |	 0	 -0.0650724	 -0.0636229	 -0.206738	 0	 
