index	 |	 c12	 c1t	 c1b	 c1tb	 c1e	 
1	 |	 -0.157636	 0	 -0.00299303	 0	 -0.00981141	 
2	 |	 -0.167388	 0	 -0.00461143	 0	 -0.00723151	 
3	 |	 -0.168531	 0	 -0.0116869	 0	 0	 
4	 |	 -0.0942903	 0	 -0.0032486	 0	 -0.00947101	 
5	 |	 -0.103785	 0	 -0.00482533	 0	 -0.00714774	 
6	 |	 -0.106262	 0	 -0.0118845	 0	 0	 
7	 |	 -0.0861442	 0	 -0.00331178	 0	 -0.00936607	 
8	 |	 -0.0952824	 0	 -0.00487621	 0	 -0.0070923	 
9	 |	 -0.0980375	 0	 -0.0119515	 0	 0	 
10	 |	 -0.0480871	 0	 -0.00389727	 0	 -0.00869093	 
11	 |	 -0.0560599	 0	 -0.00541909	 0	 -0.00684995	 
12	 |	 -0.0584835	 0	 -0.0125216	 0	 0	 
13	 |	 -0.0339478	 0	 -0.0044369	 0	 -0.00811431	 
14	 |	 -0.0414739	 0	 -0.00590592	 0	 -0.00656951	 
15	 |	 -0.0431245	 0	 -0.0130635	 0	 0	 
16	 |	 -0.0265009	 0	 -0.00494069	 0	 -0.00753867	 
17	 |	 -0.0327556	 0	 -0.00641034	 0	 -0.00638133	 
18	 |	 -0.0350388	 0	 -0.0134935	 0	 0	 
19	 |	 -0.0217757	 0	 -0.00541119	 0	 -0.00705843	 
20	 |	 -0.0273434	 0	 -0.00687936	 0	 -0.00617931	 
21	 |	 -0.0299551	 0	 -0.0139603	 0	 0	 
22	 |	 -0.015975	 0	 -0.00627882	 0	 -0.00637118	 
23	 |	 -0.0209363	 0	 -0.0078197	 0	 -0.00573308	 
24	 |	 -0.0229951	 0	 -0.014859	 0	 0	 
25	 |	 -0.011524	 0	 -0.00748913	 0	 -0.00538025	 
26	 |	 -0.0152285	 0	 -0.00913948	 0	 -0.00514172	 
27	 |	 -0.0172096	 0	 -0.0159961	 0	 0	 
28	 |	 -0.0082832	 0	 -0.00888702	 0	 -0.00449738	 
29	 |	 -0.0110617	 0	 -0.0107265	 0	 -0.0045988	 
30	 |	 -0.0125768	 0	 -0.0174371	 0	 0	 
31	 |	 -0.00638609	 0	 -0.0101216	 0	 -0.00383027	 
32	 |	 -0.00861768	 0	 -0.0121093	 0	 -0.00405048	 
33	 |	 -0.0096878	 0	 -0.0185837	 0	 0	 
34	 |	 0	 0	 -0.0194573	 0	 0	 
35	 |	 0	 0	 -0.0231735	 0	 0	 
36	 |	 0	 0	 -0.0255256	 0	 0	 
37	 |	 -0.163922	 0	 -0.00249845	 0	 -0.00513862	 
38	 |	 -0.171897	 0	 -0.00392868	 0	 -0.00500956	 
39	 |	 -0.175046	 0	 -0.00946683	 0	 0	 
40	 |	 -0.100124	 0	 -0.00274797	 0	 -0.00524993	 
41	 |	 -0.108027	 0	 -0.00417443	 0	 -0.00503667	 
42	 |	 -0.110678	 0	 -0.00981823	 0	 0	 
43	 |	 -0.0919759	 0	 -0.00280742	 0	 -0.0052729	 
44	 |	 -0.0998688	 0	 -0.00423439	 0	 -0.00505787	 
45	 |	 -0.102143	 0	 -0.00992819	 0	 0	 
46	 |	 -0.0528979	 0	 -0.00337888	 0	 -0.00541644	 
47	 |	 -0.059899	 0	 -0.00478983	 0	 -0.00513269	 
48	 |	 -0.0625713	 0	 -0.0106905	 0	 0	 
49	 |	 -0.0382164	 0	 -0.00391715	 0	 -0.00544384	 
50	 |	 -0.0444298	 0	 -0.00532643	 0	 -0.00511715	 
51	 |	 -0.0469191	 0	 -0.0112421	 0	 0	 
52	 |	 -0.0301883	 0	 -0.00442335	 0	 -0.00536128	 
53	 |	 -0.0358473	 0	 -0.00584342	 0	 -0.00508653	 
54	 |	 -0.0380492	 0	 -0.011904	 0	 0	 
55	 |	 -0.0249873	 0	 -0.00491332	 0	 -0.0052863	 
56	 |	 -0.0300413	 0	 -0.00635359	 0	 -0.00501461	 
57	 |	 -0.0324963	 0	 -0.0125139	 0	 0	 
58	 |	 -0.0185767	 0	 -0.00580805	 0	 -0.00505208	 
59	 |	 -0.0231054	 0	 -0.00732697	 0	 -0.0048691	 
60	 |	 -0.0249336	 0	 -0.0135465	 0	 0	 
61	 |	 -0.0134513	 0	 -0.00705824	 0	 -0.00453829	 
62	 |	 -0.0169839	 0	 -0.00867268	 0	 -0.00462062	 
63	 |	 -0.0188145	 0	 -0.0149111	 0	 0	 
64	 |	 -0.00977369	 0	 -0.00846963	 0	 -0.00402144	 
65	 |	 -0.0123842	 0	 -0.010358	 0	 -0.00414062	 
66	 |	 -0.0138036	 0	 -0.0164404	 0	 0	 
67	 |	 -0.00746768	 0	 -0.00977493	 0	 -0.00359938	 
68	 |	 -0.00968322	 0	 -0.0117936	 0	 -0.00373746	 
69	 |	 -0.0105447	 0	 -0.017937	 0	 0	 
70	 |	 0	 0	 -0.019464	 0	 0	 
71	 |	 0	 0	 -0.0232694	 0	 0	 
72	 |	 0	 0	 -0.0256642	 0	 0	 
73	 |	 -0.169068	 0	 -0.00203337	 0	 -0.0012398	 
74	 |	 -0.177411	 0	 -0.00323179	 0	 -0.00182645	 
75	 |	 -0.18018	 0	 -0.00615736	 0	 0	 
76	 |	 -0.105265	 0	 -0.00225606	 0	 -0.00134288	 
77	 |	 -0.113052	 0	 -0.00346696	 0	 -0.00196168	 
78	 |	 -0.114232	 0	 -0.00642269	 0	 0	 
79	 |	 -0.0969463	 0	 -0.00231437	 0	 -0.00137248	 
80	 |	 -0.105415	 0	 -0.00354256	 0	 -0.00191607	 
81	 |	 -0.107071	 0	 -0.00656391	 0	 0	 
82	 |	 -0.0581119	 0	 -0.00282724	 0	 -0.00160466	 
83	 |	 -0.0649165	 0	 -0.00408901	 0	 -0.00209878	 
84	 |	 -0.0675402	 0	 -0.00736622	 0	 0	 
85	 |	 -0.0433315	 0	 -0.0033825	 0	 -0.001795	 
86	 |	 -0.0492056	 0	 -0.00463426	 0	 -0.00225705	 
87	 |	 -0.0513825	 0	 -0.00799351	 0	 0	 
88	 |	 -0.0351342	 0	 -0.00386635	 0	 -0.00195308	 
89	 |	 -0.0403975	 0	 -0.00518456	 0	 -0.0023678	 
90	 |	 -0.042518	 0	 -0.00867205	 0	 0	 
91	 |	 -0.029949	 0	 -0.00433147	 0	 -0.0020809	 
92	 |	 -0.0345953	 0	 -0.00571858	 0	 -0.00247625	 
93	 |	 -0.036419	 0	 -0.00945375	 0	 0	 
94	 |	 -0.0231733	 0	 -0.00520396	 0	 -0.002282	 
95	 |	 -0.0271966	 0	 -0.00668776	 0	 -0.00265967	 
96	 |	 -0.0291288	 0	 -0.0106789	 0	 0	 
97	 |	 -0.0173864	 0	 -0.00642636	 0	 -0.00246567	 
98	 |	 -0.0207443	 0	 -0.00805992	 0	 -0.002781	 
99	 |	 -0.0224111	 0	 -0.0122876	 0	 0	 
100	 |	 -0.0129591	 0	 -0.00787727	 0	 -0.00258425	 
101	 |	 -0.0155795	 0	 -0.00977915	 0	 -0.00281067	 
102	 |	 -0.0169602	 0	 -0.0141811	 0	 0	 
103	 |	 -0.0102943	 0	 -0.0091522	 0	 -0.00248052	 
104	 |	 -0.0124419	 0	 -0.011281	 0	 -0.00282069	 
105	 |	 -0.0134853	 0	 -0.0157659	 0	 0	 
106	 |	 0	 0	 -0.0196442	 0	 0	 
107	 |	 0	 0	 -0.0235138	 0	 0	 
108	 |	 0	 0	 -0.025687	 0	 0	 
109	 |	 -0.163	 0	 -0.00530649	 0	 -0.0139958	 
110	 |	 -0.171435	 0	 -0.00690082	 0	 -0.00936827	 
111	 |	 -0.174926	 0	 -0.0158649	 0	 0	 
112	 |	 -0.0997487	 0	 -0.00551767	 0	 -0.0131125	 
113	 |	 -0.108032	 0	 -0.00708697	 0	 -0.00906426	 
114	 |	 -0.11011	 0	 -0.0159438	 0	 0	 
115	 |	 -0.0915064	 0	 -0.00557202	 0	 -0.0129241	 
116	 |	 -0.0995709	 0	 -0.00712823	 0	 -0.00900368	 
117	 |	 -0.10192	 0	 -0.0159725	 0	 0	 
118	 |	 -0.0525747	 0	 -0.00611501	 0	 -0.0113099	 
119	 |	 -0.0595674	 0	 -0.00762828	 0	 -0.00843858	 
120	 |	 -0.0627048	 0	 -0.0161958	 0	 0	 
121	 |	 -0.0379629	 0	 -0.00663639	 0	 -0.0102283	 
122	 |	 -0.0440033	 0	 -0.00814786	 0	 -0.00792229	 
123	 |	 -0.0468042	 0	 -0.0165588	 0	 0	 
124	 |	 -0.0301606	 0	 -0.00715197	 0	 -0.00949509	 
125	 |	 -0.0356927	 0	 -0.00865107	 0	 -0.00752216	 
126	 |	 -0.03851	 0	 -0.0169594	 0	 0	 
127	 |	 -0.024782	 0	 -0.00768315	 0	 -0.00870938	 
128	 |	 -0.0301254	 0	 -0.00915685	 0	 -0.00713273	 
129	 |	 -0.0320496	 0	 -0.017283	 0	 0	 
130	 |	 -0.0184752	 0	 -0.00864544	 0	 -0.00768487	 
131	 |	 -0.0229623	 0	 -0.0101741	 0	 -0.00649789	 
132	 |	 -0.0247655	 0	 -0.0182372	 0	 0	 
133	 |	 -0.0133445	 0	 -0.0100292	 0	 -0.00639413	 
134	 |	 -0.0168978	 0	 -0.0115811	 0	 -0.00590108	 
135	 |	 -0.0185977	 0	 -0.0193843	 0	 0	 
136	 |	 -0.00958063	 0	 -0.0116448	 0	 -0.00535305	 
137	 |	 -0.0124222	 0	 -0.0133435	 0	 -0.00513837	 
138	 |	 -0.013857	 0	 -0.0207888	 0	 0	 
139	 |	 -0.00736202	 0	 -0.0131212	 0	 -0.00448963	 
140	 |	 -0.00965128	 0	 -0.0148893	 0	 -0.00448052	 
141	 |	 -0.0107363	 0	 -0.0219357	 0	 0	 
142	 |	 0	 0	 -0.0238949	 0	 0	 
143	 |	 0	 0	 -0.0273111	 0	 0	 
144	 |	 0	 0	 -0.0298142	 0	 0	 
145	 |	 -0.172272	 0	 -0.00455395	 0	 -0.00794268	 
146	 |	 -0.177328	 0	 -0.00607564	 0	 -0.00666191	 
147	 |	 -0.179839	 0	 -0.013332	 0	 0	 
148	 |	 -0.107608	 0	 -0.0047914	 0	 -0.00779933	 
149	 |	 -0.113084	 0	 -0.00629482	 0	 -0.00657377	 
150	 |	 -0.116317	 0	 -0.0135234	 0	 0	 
151	 |	 -0.0993474	 0	 -0.0048485	 0	 -0.00776503	 
152	 |	 -0.105159	 0	 -0.00634875	 0	 -0.00659373	 
153	 |	 -0.108051	 0	 -0.0135803	 0	 0	 
154	 |	 -0.0588566	 0	 -0.00541668	 0	 -0.00744747	 
155	 |	 -0.0640754	 0	 -0.00689697	 0	 -0.00639758	 
156	 |	 -0.0652661	 0	 -0.0141787	 0	 0	 
157	 |	 -0.0431964	 0	 -0.00597227	 0	 -0.00717678	 
158	 |	 -0.0483682	 0	 -0.00743812	 0	 -0.00625501	 
159	 |	 -0.050617	 0	 -0.0146655	 0	 0	 
160	 |	 -0.0344666	 0	 -0.00652629	 0	 -0.00691225	 
161	 |	 -0.0391271	 0	 -0.0080004	 0	 -0.00611062	 
162	 |	 -0.0407355	 0	 -0.0152242	 0	 0	 
163	 |	 -0.0287633	 0	 -0.00706428	 0	 -0.00660299	 
164	 |	 -0.0329346	 0	 -0.00851384	 0	 -0.00601256	 
165	 |	 -0.0355567	 0	 -0.0157543	 0	 0	 
166	 |	 -0.0215787	 0	 -0.00808058	 0	 -0.00617675	 
167	 |	 -0.0252417	 0	 -0.00954817	 0	 -0.00567579	 
168	 |	 -0.0270648	 0	 -0.0167917	 0	 0	 
169	 |	 -0.0157297	 0	 -0.00948008	 0	 -0.00545645	 
170	 |	 -0.0188301	 0	 -0.0110932	 0	 -0.00517183	 
171	 |	 -0.020552	 0	 -0.0180415	 0	 0	 
172	 |	 -0.0113666	 0	 -0.0112092	 0	 -0.0047901	 
173	 |	 -0.0138089	 0	 -0.0129315	 0	 -0.00469864	 
174	 |	 -0.0148074	 0	 -0.0200368	 0	 0	 
175	 |	 -0.00867175	 0	 -0.0127235	 0	 -0.00428465	 
176	 |	 -0.0106284	 0	 -0.0144572	 0	 -0.00427562	 
177	 |	 -0.0119062	 0	 -0.0212539	 0	 0	 
178	 |	 0	 0	 -0.0239634	 0	 0	 
179	 |	 0	 0	 -0.0273561	 0	 0	 
180	 |	 0	 0	 -0.0297964	 0	 0	 
181	 |	 -0.179951	 0	 -0.00379902	 0	 -0.00210694	 
182	 |	 -0.185703	 0	 -0.00515634	 0	 -0.0025389	 
183	 |	 -0.185292	 0	 -0.00901728	 0	 0	 
184	 |	 -0.115233	 0	 -0.00403306	 0	 -0.00217893	 
185	 |	 -0.120091	 0	 -0.00538143	 0	 -0.00259546	 
186	 |	 -0.120714	 0	 -0.00930213	 0	 0	 
187	 |	 -0.10703	 0	 -0.00407962	 0	 -0.00219785	 
188	 |	 -0.111752	 0	 -0.00545708	 0	 -0.00261548	 
189	 |	 -0.110648	 0	 -0.00940406	 0	 0	 
190	 |	 -0.0662737	 0	 -0.0046412	 0	 -0.00237608	 
191	 |	 -0.0703343	 0	 -0.00603011	 0	 -0.00276171	 
192	 |	 -0.0725045	 0	 -0.0101052	 0	 0	 
193	 |	 -0.0501784	 0	 -0.00519895	 0	 -0.00253259	 
194	 |	 -0.0538051	 0	 -0.00660069	 0	 -0.00289448	 
195	 |	 -0.0554496	 0	 -0.0107168	 0	 0	 
196	 |	 -0.0411694	 0	 -0.00574099	 0	 -0.00266633	 
197	 |	 -0.0448571	 0	 -0.00716935	 0	 -0.00291244	 
198	 |	 -0.0461627	 0	 -0.011409	 0	 0	 
199	 |	 -0.034937	 0	 -0.00628589	 0	 -0.00278839	 
200	 |	 -0.0387462	 0	 -0.00774876	 0	 -0.00298182	 
201	 |	 -0.0401929	 0	 -0.0122283	 0	 0	 
202	 |	 -0.0277063	 0	 -0.00733645	 0	 -0.00270832	 
203	 |	 -0.0305234	 0	 -0.00883252	 0	 -0.00311329	 
204	 |	 -0.0319925	 0	 -0.0133755	 0	 0	 
205	 |	 -0.0207479	 0	 -0.00879853	 0	 -0.00290501	 
206	 |	 -0.0230143	 0	 -0.0102928	 0	 -0.00329859	 
207	 |	 -0.0243872	 0	 -0.0151402	 0	 0	 
208	 |	 -0.0155865	 0	 -0.0105104	 0	 -0.00288582	 
209	 |	 -0.0173113	 0	 -0.0121917	 0	 -0.00332157	 
210	 |	 -0.0183377	 0	 -0.017518	 0	 0	 
211	 |	 -0.0124171	 0	 -0.0120064	 0	 -0.00282855	 
212	 |	 -0.0137398	 0	 -0.0138169	 0	 -0.00325413	 
213	 |	 -0.014576	 0	 -0.0190763	 0	 0	 
214	 |	 0	 0	 -0.024254	 0	 0	 
215	 |	 0	 0	 -0.0276178	 0	 0	 
216	 |	 0	 0	 -0.0297465	 0	 0	 
217	 |	 -0.168136	 0	 -0.0228726	 0	 -0.0209628	 
218	 |	 -0.175194	 0	 -0.0232037	 0	 -0.0140236	 
219	 |	 -0.174247	 0	 -0.0369784	 0	 0	 
220	 |	 -0.10323	 0	 -0.0230364	 0	 -0.0196499	 
221	 |	 -0.110516	 0	 -0.0235001	 0	 -0.0134553	 
222	 |	 -0.110745	 0	 -0.0367327	 0	 0	 
223	 |	 -0.0953409	 0	 -0.0230991	 0	 -0.0192474	 
224	 |	 -0.102872	 0	 -0.0235053	 0	 -0.0133499	 
225	 |	 -0.102413	 0	 -0.0367448	 0	 0	 
226	 |	 -0.0575086	 0	 -0.0237683	 0	 -0.0168391	 
227	 |	 -0.0641995	 0	 -0.0240827	 0	 -0.0123519	 
228	 |	 -0.0656835	 0	 -0.0367425	 0	 0	 
229	 |	 -0.0420526	 0	 -0.0243748	 0	 -0.0150722	 
230	 |	 -0.0488569	 0	 -0.0247433	 0	 -0.011503	 
231	 |	 -0.0496256	 0	 -0.0370868	 0	 0	 
232	 |	 -0.0348996	 0	 -0.0250974	 0	 -0.013799	 
233	 |	 -0.0397797	 0	 -0.0253468	 0	 -0.0108129	 
234	 |	 -0.0420772	 0	 -0.03711	 0	 0	 
235	 |	 -0.0296238	 0	 -0.0257254	 0	 -0.012748	 
236	 |	 -0.0341465	 0	 -0.0259825	 0	 -0.0102635	 
237	 |	 -0.0364853	 0	 -0.0376361	 0	 0	 
238	 |	 -0.0225354	 0	 -0.0269906	 0	 -0.0112959	 
239	 |	 -0.0268481	 0	 -0.0271937	 0	 -0.00933134	 
240	 |	 -0.0282971	 0	 -0.0385218	 0	 0	 
241	 |	 -0.0169235	 0	 -0.028745	 0	 -0.00941136	 
242	 |	 -0.0203982	 0	 -0.0289388	 0	 -0.00836318	 
243	 |	 -0.0221779	 0	 -0.0398909	 0	 0	 
244	 |	 -0.0129265	 0	 -0.0310385	 0	 -0.00753475	 
245	 |	 -0.01518	 0	 -0.0313639	 0	 -0.00734289	 
246	 |	 -0.0168313	 0	 -0.0409839	 0	 0	 
247	 |	 -0.0102748	 0	 -0.0331405	 0	 -0.00647088	 
248	 |	 -0.0121685	 0	 -0.0333483	 0	 -0.00649936	 
249	 |	 -0.0137844	 0	 -0.0422762	 0	 0	 
250	 |	 0	 0	 -0.0499398	 0	 0	 
251	 |	 0	 0	 -0.0507353	 0	 0	 
252	 |	 0	 0	 -0.0522909	 0	 0	 
253	 |	 -0.178604	 0	 -0.0214832	 0	 -0.0145946	 
254	 |	 -0.183981	 0	 -0.0219434	 0	 -0.011241	 
255	 |	 -0.182828	 0	 -0.0337464	 0	 0	 
256	 |	 -0.113082	 0	 -0.0218237	 0	 -0.0136183	 
257	 |	 -0.118974	 0	 -0.0222185	 0	 -0.0110046	 
258	 |	 -0.120789	 0	 -0.0338689	 0	 0	 
259	 |	 -0.1062	 0	 -0.0218443	 0	 -0.0139365	 
260	 |	 -0.110803	 0	 -0.022279	 0	 -0.0109193	 
261	 |	 -0.110471	 0	 -0.0338024	 0	 0	 
262	 |	 -0.0658165	 0	 -0.0225893	 0	 -0.0128516	 
263	 |	 -0.0698951	 0	 -0.023014	 0	 -0.0103859	 
264	 |	 -0.0713274	 0	 -0.0342322	 0	 0	 
265	 |	 -0.0495196	 0	 -0.0233402	 0	 -0.012023	 
266	 |	 -0.0538252	 0	 -0.0237557	 0	 -0.00982327	 
267	 |	 -0.0546245	 0	 -0.0344658	 0	 0	 
268	 |	 -0.0406287	 0	 -0.0240427	 0	 -0.0113054	 
269	 |	 -0.0444108	 0	 -0.024459	 0	 -0.00931808	 
270	 |	 -0.0464009	 0	 -0.0349516	 0	 0	 
271	 |	 -0.0342934	 0	 -0.0247205	 0	 -0.0105744	 
272	 |	 -0.0381024	 0	 -0.025059	 0	 -0.00897142	 
273	 |	 -0.0397227	 0	 -0.0358717	 0	 0	 
274	 |	 -0.0268258	 0	 -0.0260335	 0	 -0.0095327	 
275	 |	 -0.0301611	 0	 -0.0264423	 0	 -0.0083294	 
276	 |	 -0.030993	 0	 -0.0366521	 0	 0	 
277	 |	 -0.0203878	 0	 -0.0280489	 0	 -0.00828402	 
278	 |	 -0.0228395	 0	 -0.028421	 0	 -0.00760127	 
279	 |	 -0.0243119	 0	 -0.0381237	 0	 0	 
280	 |	 -0.015466	 0	 -0.030491	 0	 -0.00715573	 
281	 |	 -0.0174967	 0	 -0.0308755	 0	 -0.00671803	 
282	 |	 -0.0183764	 0	 -0.0401371	 0	 0	 
283	 |	 -0.0121512	 0	 -0.032669	 0	 -0.00626906	 
284	 |	 -0.0135305	 0	 -0.0330845	 0	 -0.00625777	 
285	 |	 -0.0149576	 0	 -0.0414865	 0	 0	 
286	 |	 0	 0	 -0.0502843	 0	 0	 
287	 |	 0	 0	 -0.0508558	 0	 0	 
288	 |	 0	 0	 -0.0522622	 0	 0	 
289	 |	 -0.192994	 0	 -0.0199295	 0	 -0.00573399	 
290	 |	 -0.196304	 0	 -0.0203697	 0	 -0.00578121	 
291	 |	 -0.195828	 0	 -0.0271617	 0	 0	 
292	 |	 -0.129637	 0	 -0.0202477	 0	 -0.00567325	 
293	 |	 -0.131686	 0	 -0.0207006	 0	 -0.00573621	 
294	 |	 -0.132257	 0	 -0.027542	 0	 0	 
295	 |	 -0.120992	 0	 -0.0203474	 0	 -0.00574492	 
296	 |	 -0.121618	 0	 -0.0209281	 0	 -0.00578688	 
297	 |	 -0.123586	 0	 -0.0276095	 0	 0	 
298	 |	 -0.0788282	 0	 -0.0211742	 0	 -0.00573367	 
299	 |	 -0.0806749	 0	 -0.0216271	 0	 -0.00578883	 
300	 |	 -0.081583	 0	 -0.0284321	 0	 0	 
301	 |	 -0.0621757	 0	 -0.022003	 0	 -0.00570428	 
302	 |	 -0.0630109	 0	 -0.0225016	 0	 -0.00577701	 
303	 |	 -0.0640464	 0	 -0.0291287	 0	 0	 
304	 |	 -0.0519764	 0	 -0.0227652	 0	 -0.00587117	 
305	 |	 -0.0535826	 0	 -0.0233524	 0	 -0.00571982	 
306	 |	 -0.0543633	 0	 -0.0299113	 0	 0	 
307	 |	 -0.0458244	 0	 -0.0235568	 0	 -0.00564624	 
308	 |	 -0.0461418	 0	 -0.0240016	 0	 -0.0057801	 
309	 |	 -0.0477872	 0	 -0.0307703	 0	 0	 
310	 |	 -0.0366974	 0	 -0.025039	 0	 -0.00555788	 
311	 |	 -0.0375769	 0	 -0.0254691	 0	 -0.00561134	 
312	 |	 -0.0389494	 0	 -0.0322961	 0	 0	 
313	 |	 -0.0287034	 0	 -0.0270719	 0	 -0.00539577	 
314	 |	 -0.0294748	 0	 -0.0275955	 0	 -0.00548341	 
315	 |	 -0.0300504	 0	 -0.0338458	 0	 0	 
316	 |	 -0.0221613	 0	 -0.0295019	 0	 -0.00518762	 
317	 |	 -0.0227778	 0	 -0.0299674	 0	 -0.00540889	 
318	 |	 -0.0236176	 0	 -0.0365734	 0	 0	 
319	 |	 -0.0178089	 0	 -0.0316351	 0	 -0.0050154	 
320	 |	 -0.0185309	 0	 -0.0319598	 0	 -0.00522554	 
321	 |	 -0.018851	 0	 -0.0386243	 0	 0	 
322	 |	 0	 0	 -0.0506024	 0	 0	 
323	 |	 0	 0	 -0.0514938	 0	 0	 
324	 |	 0	 0	 -0.0523476	 0	 0	 
