index	 |	 c12	 c13	 c14	 c1t	 c1b	 c23	 c24	 c2t	 c2b	 
1	 |	 -0.00754463	 -0.185691	 -0.00707534	 0	 -0.00677308	 -0.0069381	 -0.158571	 0	 -0.00085098	 
2	 |	 -0.0079154	 -0.185108	 -0.00788787	 0	 -0.00947247	 -0.00754672	 -0.15814	 0	 -0.00558399	 
3	 |	 -0.0094391	 -0.110008	 -0.00705485	 0	 -0.00722118	 -0.00709257	 -0.0943438	 0	 -0.00084852	 
4	 |	 -0.00974622	 -0.11016	 -0.00789765	 0	 -0.009839	 -0.00790865	 -0.0948949	 0	 -0.00558553	 
5	 |	 -0.00987888	 -0.100336	 -0.00704132	 0	 -0.00733587	 -0.00694993	 -0.0859398	 0	 -0.00085619	 
6	 |	 -0.0101515	 -0.100421	 -0.00787727	 0	 -0.00988286	 -0.00769282	 -0.086376	 0	 -0.00559835	 
7	 |	 -0.0136204	 -0.0535183	 -0.0069245	 0	 -0.00849594	 -0.00698728	 -0.0466396	 0	 -0.00087645	 
8	 |	 -0.0140971	 -0.0539995	 -0.00776864	 0	 -0.0108943	 -0.00781271	 -0.0469784	 0	 -0.00568108	 
9	 |	 -0.0180916	 -0.0260566	 -0.00633711	 0	 -0.0107632	 -0.00638662	 -0.0239659	 0	 -0.00109464	 
10	 |	 -0.0185936	 -0.0265724	 -0.00713291	 0	 -0.0128078	 -0.00727624	 -0.0248326	 0	 -0.00581319	 
11	 |	 -0.0203337	 -0.0159542	 -0.00559717	 0	 -0.0127034	 -0.00575953	 -0.0158511	 0	 -0.00164285	 
12	 |	 -0.0208031	 -0.0164145	 -0.00640092	 0	 -0.0146607	 -0.00657795	 -0.0165538	 0	 -0.00630732	 
13	 |	 -0.0222993	 -0.00748229	 -0.00429393	 0	 -0.0157973	 -0.00439387	 -0.00928339	 0	 -0.00322874	 
14	 |	 -0.022882	 -0.00791814	 -0.00485779	 0	 -0.0177714	 -0.00516631	 -0.00965753	 0	 -0.00768394	 
15	 |	 -0.0233723	 0	 0	 0	 -0.0243459	 0	 0	 0	 -0.016023	 
16	 |	 -0.024193	 0	 0	 0	 -0.0254362	 0	 0	 0	 -0.0166907	 
17	 |	 -0.00749859	 -0.189034	 -0.00655833	 0	 -0.00608442	 -0.00772431	 -0.157864	 0	 -0.00077954	 
18	 |	 -0.00784327	 -0.187382	 -0.00699938	 0	 -0.00797441	 -0.00920666	 -0.158747	 0	 -0.00522262	 
19	 |	 -0.00941635	 -0.112811	 -0.00664627	 0	 -0.00659169	 -0.00773305	 -0.0938878	 0	 -0.0007935	 
20	 |	 -0.00963447	 -0.113081	 -0.00725565	 0	 -0.00849406	 -0.0090179	 -0.0943719	 0	 -0.00518984	 
21	 |	 -0.00986658	 -0.103064	 -0.00664055	 0	 -0.00671625	 -0.00771658	 -0.0856594	 0	 -0.00079189	 
22	 |	 -0.0100832	 -0.103436	 -0.0071994	 0	 -0.00860123	 -0.00899751	 -0.0862128	 0	 -0.00520239	 
23	 |	 -0.0136048	 -0.0555562	 -0.00661133	 0	 -0.00795243	 -0.00745464	 -0.0464256	 0	 -0.00083238	 
24	 |	 -0.0139506	 -0.055874	 -0.00720599	 0	 -0.00966494	 -0.00871147	 -0.0467583	 0	 -0.00536535	 
25	 |	 -0.0180436	 -0.0275144	 -0.00610788	 0	 -0.010356	 -0.00682771	 -0.0238444	 0	 -0.00108412	 
26	 |	 -0.0185429	 -0.0281152	 -0.00664736	 0	 -0.0119755	 -0.00801129	 -0.0244441	 0	 -0.00554861	 
27	 |	 -0.0203078	 -0.0169109	 -0.00543462	 0	 -0.0124185	 -0.00606822	 -0.0156074	 0	 -0.00161864	 
28	 |	 -0.0207439	 -0.0175659	 -0.00611848	 0	 -0.0140434	 -0.00713313	 -0.0162866	 0	 -0.0061511	 
29	 |	 -0.022272	 -0.00791016	 -0.00416899	 0	 -0.0156213	 -0.00456635	 -0.00904528	 0	 -0.00318112	 
30	 |	 -0.0227815	 -0.00847357	 -0.00469221	 0	 -0.0174065	 -0.00546079	 -0.00951226	 0	 -0.00749449	 
31	 |	 -0.0233586	 0	 0	 0	 -0.0243284	 0	 0	 0	 -0.0160809	 
32	 |	 -0.0241422	 0	 0	 0	 -0.0256186	 0	 0	 0	 -0.0166568	 
33	 |	 -0.00749526	 -0.190302	 -0.00648841	 0	 -0.00569259	 -0.00941794	 -0.158233	 0	 -0.00041959	 
34	 |	 -0.00778117	 -0.189419	 -0.00688478	 0	 -0.00674887	 -0.0122331	 -0.158203	 0	 -0.00297553	 
35	 |	 -0.00940621	 -0.114026	 -0.00654674	 0	 -0.00621378	 -0.00941397	 -0.0938769	 0	 -0.00045295	 
36	 |	 -0.00970495	 -0.114807	 -0.00704809	 0	 -0.0072804	 -0.0121434	 -0.0939266	 0	 -0.00299521	 
37	 |	 -0.00983372	 -0.104379	 -0.00656957	 0	 -0.00634671	 -0.0093674	 -0.0856331	 0	 -0.00045657	 
38	 |	 -0.0101097	 -0.105212	 -0.00708342	 0	 -0.00741189	 -0.0120973	 -0.0857732	 0	 -0.00301326	 
39	 |	 -0.0135786	 -0.0567184	 -0.00647033	 0	 -0.00763514	 -0.00911349	 -0.0458756	 0	 -0.00051948	 
40	 |	 -0.0138317	 -0.0577182	 -0.00708357	 0	 -0.00874799	 -0.0116427	 -0.0462085	 0	 -0.00319844	 
41	 |	 -0.0180641	 -0.0283872	 -0.00604193	 0	 -0.0101113	 -0.00838177	 -0.0232992	 0	 -0.00073726	 
42	 |	 -0.0185735	 -0.0291103	 -0.00655785	 0	 -0.0112546	 -0.0107092	 -0.0237229	 0	 -0.00352781	 
43	 |	 -0.0203004	 -0.017593	 -0.00532687	 0	 -0.0122522	 -0.00771746	 -0.0153171	 0	 -0.00128817	 
44	 |	 -0.0207783	 -0.0183453	 -0.0059245	 0	 -0.0134594	 -0.00968245	 -0.0159649	 0	 -0.0042699	 
45	 |	 -0.0221892	 -0.00841051	 -0.00407574	 0	 -0.0154986	 -0.00607686	 -0.0086929	 0	 -0.00285151	 
46	 |	 -0.0227944	 -0.00915732	 -0.00463847	 0	 -0.0169474	 -0.00777075	 -0.00913225	 0	 -0.00583465	 
47	 |	 -0.0233309	 0	 0	 0	 -0.0243233	 0	 0	 0	 -0.0161702	 
48	 |	 -0.0240926	 0	 0	 0	 -0.0255563	 0	 0	 0	 -0.0165946	 
49	 |	 -0.0114248	 -0.189116	 -0.0167011	 0	 -0.0110572	 -0.00229055	 -0.157873	 0	 -0.00065147	 
50	 |	 -0.0117296	 -0.188045	 -0.0178758	 0	 -0.014525	 -0.00322772	 -0.158353	 0	 -0.00490396	 
51	 |	 -0.0136688	 -0.113006	 -0.0165866	 0	 -0.0115133	 -0.00236594	 -0.0939605	 0	 -0.00064956	 
52	 |	 -0.0140103	 -0.113699	 -0.017588	 0	 -0.0147688	 -0.00327936	 -0.0944765	 0	 -0.00501949	 
53	 |	 -0.0141461	 -0.102987	 -0.0165031	 0	 -0.0116331	 -0.0024341	 -0.085536	 0	 -0.00064879	 
54	 |	 -0.0143396	 -0.104153	 -0.0176205	 0	 -0.0148263	 -0.00337814	 -0.086072	 0	 -0.00500271	 
55	 |	 -0.0185818	 -0.0554335	 -0.0151109	 0	 -0.0128674	 -0.00275189	 -0.0461483	 0	 -0.00066767	 
56	 |	 -0.0191324	 -0.0563926	 -0.0159905	 0	 -0.0157856	 -0.00362563	 -0.0469555	 0	 -0.00500662	 
57	 |	 -0.0235628	 -0.0271543	 -0.0120224	 0	 -0.0153678	 -0.0030859	 -0.0234783	 0	 -0.00080883	 
58	 |	 -0.02399	 -0.0280986	 -0.0128948	 0	 -0.0177221	 -0.00386077	 -0.0241701	 0	 -0.00518862	 
59	 |	 -0.0259232	 -0.0165409	 -0.00980229	 0	 -0.0175809	 -0.00312802	 -0.0154274	 0	 -0.00119136	 
60	 |	 -0.0264988	 -0.0174846	 -0.0105635	 0	 -0.0198692	 -0.00385316	 -0.0161416	 0	 -0.00557259	 
61	 |	 -0.028015	 -0.00793863	 -0.00676629	 0	 -0.0211057	 -0.00278537	 -0.0089349	 0	 -0.00232764	 
62	 |	 -0.0286694	 -0.00862366	 -0.00737229	 0	 -0.0233659	 -0.00335335	 -0.00937464	 0	 -0.00647271	 
63	 |	 -0.0292798	 0	 0	 0	 -0.031657	 0	 0	 0	 -0.0135347	 
64	 |	 -0.0301544	 0	 0	 0	 -0.0330859	 0	 0	 0	 -0.0136658	 
65	 |	 -0.0113147	 -0.193295	 -0.0162998	 0	 -0.0101709	 -0.00266154	 -0.157883	 0	 -0.00059225	 
66	 |	 -0.0115045	 -0.192157	 -0.0171852	 0	 -0.012654	 -0.00394567	 -0.158003	 0	 -0.0045627	 
67	 |	 -0.0136185	 -0.116275	 -0.0162523	 0	 -0.0107168	 -0.00281337	 -0.0938215	 0	 -0.00061025	 
68	 |	 -0.0137608	 -0.116682	 -0.0169478	 0	 -0.0130084	 -0.00411201	 -0.094558	 0	 -0.00461054	 
69	 |	 -0.014158	 -0.106409	 -0.0161891	 0	 -0.0108552	 -0.00284151	 -0.0854946	 0	 -0.00061369	 
70	 |	 -0.0144169	 -0.106825	 -0.0169764	 0	 -0.0131952	 -0.00413059	 -0.0857896	 0	 -0.00456864	 
71	 |	 -0.0185264	 -0.0578763	 -0.0148698	 0	 -0.0122413	 -0.003058	 -0.0459787	 0	 -0.00063899	 
72	 |	 -0.0190437	 -0.0587879	 -0.0155791	 0	 -0.0144225	 -0.00426517	 -0.0464426	 0	 -0.00463753	 
73	 |	 -0.0235322	 -0.0287226	 -0.0119138	 0	 -0.0149229	 -0.00343182	 -0.0233784	 0	 -0.00077467	 
74	 |	 -0.0239548	 -0.0293634	 -0.0125665	 0	 -0.0168397	 -0.00467442	 -0.0237185	 0	 -0.0048079	 
75	 |	 -0.0259355	 -0.0176322	 -0.00964133	 0	 -0.0172486	 -0.00344074	 -0.0153243	 0	 -0.0011445	 
76	 |	 -0.0265248	 -0.018139	 -0.0103893	 0	 -0.0192774	 -0.00449135	 -0.0157608	 0	 -0.00533047	 
77	 |	 -0.0279941	 -0.0083688	 -0.00668502	 0	 -0.0209918	 -0.00294635	 -0.00883932	 0	 -0.0023094	 
78	 |	 -0.0287027	 -0.00896942	 -0.0072359	 0	 -0.0230852	 -0.00387728	 -0.00915018	 0	 -0.00623062	 
79	 |	 -0.0292976	 0	 0	 0	 -0.0317371	 0	 0	 0	 -0.0135579	 
80	 |	 -0.0301722	 0	 0	 0	 -0.0331122	 0	 0	 0	 -0.0138845	 
81	 |	 -0.0113127	 -0.194998	 -0.0161931	 0	 -0.00967983	 -0.0042498	 -0.158142	 0	 -0.00028915	 
82	 |	 -0.0113894	 -0.194293	 -0.0168324	 0	 -0.0110005	 -0.00680052	 -0.158044	 0	 -0.00256268	 
83	 |	 -0.0136239	 -0.118134	 -0.0161521	 0	 -0.010258	 -0.00437775	 -0.09364	 0	 -0.000297	 
84	 |	 -0.0137421	 -0.117761	 -0.0166419	 0	 -0.0115608	 -0.00680982	 -0.0936712	 0	 -0.00259885	 
85	 |	 -0.0141392	 -0.108207	 -0.0161061	 0	 -0.0104024	 -0.00437779	 -0.085309	 0	 -0.00029993	 
86	 |	 -0.0142704	 -0.10769	 -0.0167972	 0	 -0.0117003	 -0.00678809	 -0.0854548	 0	 -0.002615	 
87	 |	 -0.0185379	 -0.0593004	 -0.0148248	 0	 -0.0118712	 -0.00457048	 -0.0456085	 0	 -0.00032328	 
88	 |	 -0.0188995	 -0.0599935	 -0.0150949	 0	 -0.0131452	 -0.00693254	 -0.0457979	 0	 -0.00276884	 
89	 |	 -0.0235354	 -0.0297681	 -0.0118188	 0	 -0.0146491	 -0.00493757	 -0.0230111	 0	 -0.00046325	 
90	 |	 -0.023994	 -0.0306782	 -0.012408	 0	 -0.0159305	 -0.00702813	 -0.0236612	 0	 -0.00303243	 
91	 |	 -0.0259482	 -0.0184311	 -0.00957651	 0	 -0.0170784	 -0.00494251	 -0.014959	 0	 -0.00081971	 
92	 |	 -0.0264593	 -0.0194627	 -0.0100044	 0	 -0.0184227	 -0.00677727	 -0.0155234	 0	 -0.00341035	 
93	 |	 -0.0280175	 -0.00893505	 -0.00655814	 0	 -0.0208439	 -0.00432459	 -0.00849044	 0	 -0.00198544	 
94	 |	 -0.0286829	 -0.00975139	 -0.00728465	 0	 -0.0223851	 -0.00594449	 -0.00876205	 0	 -0.00475217	 
95	 |	 -0.0292692	 0	 0	 0	 -0.0316579	 0	 0	 0	 -0.0136075	 
96	 |	 -0.0301699	 0	 0	 0	 -0.0331443	 0	 0	 0	 -0.0139092	 
97	 |	 -0.0137566	 -0.190125	 -0.0465071	 0	 -0.046942	 -0.00033309	 -0.158027	 0	 -0.00034182	 
98	 |	 -0.015465	 -0.194783	 -0.0515555	 0	 -0.0568824	 -0.0010807	 -0.157781	 0	 -0.00262366	 
99	 |	 -0.0164382	 -0.115799	 -0.0489151	 0	 -0.0474999	 -0.00041512	 -0.0932179	 0	 -0.00034187	 
100	 |	 -0.0181117	 -0.124521	 -0.054262	 0	 -0.0571826	 -0.00131842	 -0.0925696	 0	 -0.00260001	 
101	 |	 -0.0170455	 -0.105384	 -0.0495532	 0	 -0.0476676	 -0.00042065	 -0.0849627	 0	 -0.00034375	 
102	 |	 -0.0189226	 -0.11467	 -0.0545521	 0	 -0.0571621	 -0.00134261	 -0.0844581	 0	 -0.00261624	 
103	 |	 -0.0225182	 -0.0574577	 -0.0552367	 0	 -0.0493453	 -0.00042784	 -0.0447873	 0	 -0.00036139	 
104	 |	 -0.0243101	 -0.0699232	 -0.060144	 0	 -0.0578378	 -0.00144878	 -0.0447429	 0	 -0.00270115	 
105	 |	 -0.0294526	 -0.0289426	 -0.0619116	 0	 -0.0524861	 -0.00042655	 -0.0215121	 0	 -0.00039237	 
106	 |	 -0.0313841	 -0.0387897	 -0.0653323	 0	 -0.0592885	 -0.00152819	 -0.0217712	 0	 -0.00297289	 
107	 |	 -0.0334098	 -0.0176875	 -0.0641125	 0	 -0.0550874	 -0.00049459	 -0.0128422	 0	 -0.00040156	 
108	 |	 -0.0353942	 -0.0257144	 -0.0672189	 0	 -0.0609248	 -0.00161809	 -0.0132217	 0	 -0.0030344	 
109	 |	 -0.0371564	 -0.00735686	 -0.0482913	 0	 -0.0578376	 -0.00044764	 -0.00620896	 0	 -0.00041106	 
110	 |	 -0.0391031	 -0.0114694	 -0.0497299	 0	 -0.062327	 -0.00148666	 -0.00656291	 0	 -0.00293578	 
111	 |	 -0.0402029	 0	 0	 0	 -0.0790015	 0	 0	 0	 -0.00539484	 
112	 |	 -0.0419051	 0	 0	 0	 -0.0815334	 0	 0	 0	 -0.00565633	 
113	 |	 -0.0137784	 -0.19427	 -0.0464108	 0	 -0.0456874	 -0.0004624	 -0.156895	 0	 -0.00029657	 
114	 |	 -0.0147881	 -0.203237	 -0.0514941	 0	 -0.0531687	 -0.00152468	 -0.157412	 0	 -0.00238537	 
115	 |	 -0.0163391	 -0.119357	 -0.0490574	 0	 -0.0465283	 -0.00047422	 -0.0931736	 0	 -0.0003058	 
116	 |	 -0.0176607	 -0.130716	 -0.0547466	 0	 -0.0539277	 -0.00160394	 -0.0925687	 0	 -0.00240692	 
117	 |	 -0.0169472	 -0.108825	 -0.0496806	 0	 -0.0466839	 -0.00048265	 -0.0849383	 0	 -0.00030743	 
118	 |	 -0.018298	 -0.121319	 -0.0553235	 0	 -0.0540648	 -0.00161841	 -0.0844461	 0	 -0.00242837	 
119	 |	 -0.0226136	 -0.0602408	 -0.0551082	 0	 -0.0485427	 -0.00059138	 -0.0447899	 0	 -0.00032095	 
120	 |	 -0.0239909	 -0.0732648	 -0.0595175	 0	 -0.0550873	 -0.00179274	 -0.044676	 0	 -0.00252749	 
121	 |	 -0.0294505	 -0.0307065	 -0.0617639	 0	 -0.0519011	 -0.00066114	 -0.0213719	 0	 -0.00034972	 
122	 |	 -0.0314159	 -0.0408898	 -0.0653452	 0	 -0.0575827	 -0.0018081	 -0.0218236	 0	 -0.00279144	 
123	 |	 -0.0334453	 -0.0188421	 -0.0640888	 0	 -0.0546999	 -0.00071679	 -0.012863	 0	 -0.00035761	 
124	 |	 -0.0352973	 -0.0271408	 -0.0669746	 0	 -0.0596455	 -0.0019618	 -0.0130683	 0	 -0.00278455	 
125	 |	 -0.0371979	 -0.0078182	 -0.0481621	 0	 -0.0577127	 -0.00071753	 -0.00607225	 0	 -0.00037421	 
126	 |	 -0.0388218	 -0.0121546	 -0.0497083	 0	 -0.0618795	 -0.00172591	 -0.00647604	 0	 -0.00274734	 
127	 |	 -0.0399699	 0	 0	 0	 -0.0790022	 0	 0	 0	 -0.00537443	 
128	 |	 -0.0418889	 0	 0	 0	 -0.0813922	 0	 0	 0	 -0.00569363	 
129	 |	 -0.0137727	 -0.198113	 -0.0465515	 0	 -0.0449515	 -0.00144453	 -0.15713	 0	 -9.852e-05	 
130	 |	 -0.0149321	 -0.212157	 -0.0516763	 0	 -0.0487067	 -0.00263703	 -0.157713	 0	 -0.00150069	 
131	 |	 -0.016377	 -0.122058	 -0.0491687	 0	 -0.04581	 -0.00159253	 -0.0931135	 0	 -0.0001025	 
132	 |	 -0.0177865	 -0.137521	 -0.0539915	 0	 -0.0495507	 -0.00264722	 -0.0926297	 0	 -0.00145	 
133	 |	 -0.0168738	 -0.111725	 -0.0496358	 0	 -0.0459569	 -0.0016016	 -0.0845467	 0	 -0.00010357	 
134	 |	 -0.0184232	 -0.126391	 -0.0547713	 0	 -0.0497397	 -0.00269982	 -0.085527	 0	 -0.00157715	 
135	 |	 -0.0222199	 -0.062307	 -0.0549114	 0	 -0.0479614	 -0.00169933	 -0.044677	 0	 -0.00011552	 
136	 |	 -0.0237373	 -0.078446	 -0.0592471	 0	 -0.0515366	 -0.00286004	 -0.0451887	 0	 -0.00165218	 
137	 |	 -0.0292993	 -0.0328514	 -0.0617825	 0	 -0.0514647	 -0.00181494	 -0.0213131	 0	 -0.00013685	 
138	 |	 -0.0310172	 -0.0445191	 -0.0652416	 0	 -0.0549138	 -0.00302099	 -0.0214605	 0	 -0.00172642	 
139	 |	 -0.0333289	 -0.0203299	 -0.0642126	 0	 -0.0544537	 -0.00179581	 -0.0127298	 0	 -0.0001745	 
140	 |	 -0.0352073	 -0.0302098	 -0.0667191	 0	 -0.0578762	 -0.00303152	 -0.0129872	 0	 -0.00187121	 
141	 |	 -0.0371152	 -0.00919955	 -0.0479489	 0	 -0.0575147	 -0.00168834	 -0.00596271	 0	 -0.00018227	 
142	 |	 -0.0391056	 -0.013763	 -0.0493321	 0	 -0.0608943	 -0.00273183	 -0.00646013	 0	 -0.0019468	 
143	 |	 -0.04	 0	 0	 0	 -0.0791685	 0	 0	 0	 -0.00543281	 
144	 |	 -0.041881	 0	 0	 0	 -0.0814512	 0	 0	 0	 -0.0056475	 
