index	 |	 c12	 c13	 c14	 c1t	 c1b	 c23	 c24	 c2t	 c2b	 
1	 |	 -0.001721	 -0.192719	 -0.00390568	 0	 -0.0070801	 -0.00383135	 -0.165371	 0	 -0.00068899	 
2	 |	 -0.00228203	 -0.19296	 -0.00549564	 0	 -0.0104311	 -0.00536633	 -0.168049	 0	 -0.00665807	 
3	 |	 -0.00213071	 -0.11735	 -0.00408926	 0	 -0.00753301	 -0.00403825	 -0.101939	 0	 -0.00065133	 
4	 |	 -0.0026651	 -0.117595	 -0.00558487	 0	 -0.0106931	 -0.0055367	 -0.102898	 0	 -0.00660568	 
5	 |	 -0.00223101	 -0.107704	 -0.00413228	 0	 -0.00764507	 -0.00403429	 -0.0935409	 0	 -0.00068647	 
6	 |	 -0.00291695	 -0.108182	 -0.00552695	 0	 -0.0107841	 -0.00544613	 -0.096174	 0	 -0.00659716	 
7	 |	 -0.00321756	 -0.0606713	 -0.00450368	 0	 -0.00877765	 -0.00449382	 -0.0541861	 0	 -0.0006418	 
8	 |	 -0.00402986	 -0.0617694	 -0.00573743	 0	 -0.0117176	 -0.00584533	 -0.0560832	 0	 -0.00651855	 
9	 |	 -0.00496301	 -0.0319045	 -0.00484498	 0	 -0.011123	 -0.00490135	 -0.0305019	 0	 -0.00067928	 
10	 |	 -0.00596904	 -0.0330376	 -0.00594863	 0	 -0.0136431	 -0.00609846	 -0.0322542	 0	 -0.0064374	 
11	 |	 -0.00628307	 -0.0203959	 -0.00479283	 0	 -0.0132557	 -0.00487948	 -0.0212268	 0	 -0.00095832	 
12	 |	 -0.00740049	 -0.0211378	 -0.00581662	 0	 -0.0155526	 -0.00593808	 -0.0227495	 0	 -0.00656887	 
13	 |	 -0.0078989	 -0.010041	 -0.00424253	 0	 -0.0167667	 -0.00433684	 -0.0128412	 0	 -0.00198299	 
14	 |	 -0.0091226	 -0.0106855	 -0.00502181	 0	 -0.0188427	 -0.00525921	 -0.0139655	 0	 -0.00743159	 
15	 |	 -0.00955637	 0	 0	 0	 -0.026512	 0	 0	 0	 -0.0165176	 
16	 |	 -0.0108282	 0	 0	 0	 -0.0279951	 0	 0	 0	 -0.0176797	 
17	 |	 -0.00166234	 -0.196927	 -0.00359952	 0	 -0.00623196	 -0.00488564	 -0.166174	 0	 -0.00060497	 
18	 |	 -0.00208237	 -0.196891	 -0.004809	 0	 -0.00852361	 -0.00691719	 -0.1656	 0	 -0.00599662	 
19	 |	 -0.00206515	 -0.121035	 -0.00380954	 0	 -0.00674307	 -0.00501688	 -0.101609	 0	 -0.00056937	 
20	 |	 -0.00270046	 -0.121821	 -0.00485819	 0	 -0.00894952	 -0.00685816	 -0.104012	 0	 -0.00594313	 
21	 |	 -0.00216411	 -0.111341	 -0.0038639	 0	 -0.00686797	 -0.00504051	 -0.0934144	 0	 -0.0005693	 
22	 |	 -0.00280818	 -0.11179	 -0.00488714	 0	 -0.00903401	 -0.00686475	 -0.0958117	 0	 -0.00594623	 
23	 |	 -0.00316019	 -0.0634653	 -0.00425747	 0	 -0.00811389	 -0.00535536	 -0.0539909	 0	 -0.00060734	 
24	 |	 -0.00389878	 -0.0644867	 -0.00534168	 0	 -0.0101948	 -0.00702266	 -0.0561533	 0	 -0.00596682	 
25	 |	 -0.00492605	 -0.0338773	 -0.00464703	 0	 -0.0106163	 -0.00552527	 -0.0303326	 0	 -0.00066411	 
26	 |	 -0.00584924	 -0.0346414	 -0.00559744	 0	 -0.0124999	 -0.00702456	 -0.0319842	 0	 -0.00594829	 
27	 |	 -0.00625517	 -0.0218015	 -0.00467664	 0	 -0.0128849	 -0.00537769	 -0.0210703	 0	 -0.00096458	 
28	 |	 -0.00730154	 -0.0226495	 -0.00551774	 0	 -0.0146184	 -0.00671955	 -0.0225496	 0	 -0.0062091	 
29	 |	 -0.00788887	 -0.0107368	 -0.00415502	 0	 -0.0165423	 -0.00473871	 -0.0126951	 0	 -0.0019961	 
30	 |	 -0.00903986	 -0.0113803	 -0.00490195	 0	 -0.0183348	 -0.0056921	 -0.013821	 0	 -0.00714536	 
31	 |	 -0.00955779	 0	 0	 0	 -0.0265135	 0	 0	 0	 -0.0165242	 
32	 |	 -0.0108534	 0	 0	 0	 -0.0279872	 0	 0	 0	 -0.0176213	 
33	 |	 -0.00161915	 -0.199122	 -0.00350141	 0	 -0.00577671	 -0.00678671	 -0.165529	 0	 -0.00029499	 
34	 |	 -0.00213991	 -0.198868	 -0.00453691	 0	 -0.00690226	 -0.0103752	 -0.167408	 0	 -0.00354644	 
35	 |	 -0.00203841	 -0.122914	 -0.00371253	 0	 -0.00630321	 -0.00681542	 -0.101377	 0	 -0.00030687	 
36	 |	 -0.00265865	 -0.123751	 -0.00461893	 0	 -0.00743405	 -0.0101875	 -0.102448	 0	 -0.00357381	 
37	 |	 -0.00214318	 -0.113239	 -0.00376148	 0	 -0.00643438	 -0.00686739	 -0.0930806	 0	 -0.00030924	 
38	 |	 -0.00277325	 -0.113782	 -0.00465412	 0	 -0.0075738	 -0.0102979	 -0.0951249	 0	 -0.00360471	 
39	 |	 -0.00314411	 -0.0650488	 -0.00417786	 0	 -0.00774202	 -0.00700685	 -0.0536644	 0	 -0.00034082	 
40	 |	 -0.00387214	 -0.0661359	 -0.00509046	 0	 -0.0089458	 -0.0101552	 -0.0555859	 0	 -0.00379945	 
41	 |	 -0.00491244	 -0.0350748	 -0.00457713	 0	 -0.0103336	 -0.00702314	 -0.0298942	 0	 -0.00046973	 
42	 |	 -0.0058135	 -0.0359556	 -0.00539116	 0	 -0.0115493	 -0.00978187	 -0.0315313	 0	 -0.0040383	 
43	 |	 -0.00626615	 -0.0226537	 -0.00459948	 0	 -0.0126899	 -0.00677251	 -0.0206097	 0	 -0.00074596	 
44	 |	 -0.00740024	 -0.0234453	 -0.00528245	 0	 -0.0139737	 -0.00918531	 -0.0220479	 0	 -0.00440845	 
45	 |	 -0.00788007	 -0.0112677	 -0.00405401	 0	 -0.0164357	 -0.0059937	 -0.0122147	 0	 -0.00178965	 
46	 |	 -0.00902063	 -0.0120093	 -0.00471675	 0	 -0.0178748	 -0.00793902	 -0.0134433	 0	 -0.00565006	 
47	 |	 -0.00947363	 0	 0	 0	 -0.026587	 0	 0	 0	 -0.0168396	 
48	 |	 -0.0109126	 0	 0	 0	 -0.0280519	 0	 0	 0	 -0.0178573	 
49	 |	 -0.00259944	 -0.196674	 -0.00625753	 0	 -0.0113721	 -0.00290649	 -0.165333	 0	 -0.00055192	 
50	 |	 -0.00327091	 -0.196936	 -0.00821636	 0	 -0.0156366	 -0.00415378	 -0.167327	 0	 -0.00601042	 
51	 |	 -0.00314038	 -0.120888	 -0.0064461	 0	 -0.0118132	 -0.00294833	 -0.101594	 0	 -0.00053784	 
52	 |	 -0.0037617	 -0.121718	 -0.00829304	 0	 -0.0156862	 -0.00416799	 -0.103929	 0	 -0.00597974	 
53	 |	 -0.00321674	 -0.111249	 -0.00647888	 0	 -0.0119345	 -0.00299626	 -0.0937216	 0	 -0.00054793	 
54	 |	 -0.00387285	 -0.11192	 -0.00830265	 0	 -0.0157413	 -0.00418756	 -0.0955701	 0	 -0.00599812	 
55	 |	 -0.0045142	 -0.0635607	 -0.00678443	 0	 -0.0131469	 -0.00324529	 -0.0538928	 0	 -0.00055648	 
56	 |	 -0.0054718	 -0.0646485	 -0.00832919	 0	 -0.016556	 -0.00449045	 -0.0560668	 0	 -0.00593978	 
57	 |	 -0.00656753	 -0.033734	 -0.00701381	 0	 -0.0156891	 -0.00357312	 -0.0303264	 0	 -0.00060671	 
58	 |	 -0.00757071	 -0.0348624	 -0.00832618	 0	 -0.0183449	 -0.00465347	 -0.0318133	 0	 -0.00588816	 
59	 |	 -0.00806177	 -0.0217482	 -0.00678985	 0	 -0.0180587	 -0.00365343	 -0.021025	 0	 -0.00082886	 
60	 |	 -0.00924739	 -0.0227432	 -0.00789384	 0	 -0.0204258	 -0.00480579	 -0.0224032	 0	 -0.00600434	 
61	 |	 -0.00987439	 -0.0107578	 -0.00578508	 0	 -0.021926	 -0.00338961	 -0.0126662	 0	 -0.00167328	 
62	 |	 -0.011099	 -0.0115897	 -0.00658499	 0	 -0.0239609	 -0.00416029	 -0.0138092	 0	 -0.00679639	 
63	 |	 -0.0117162	 0	 0	 0	 -0.0330248	 0	 0	 0	 -0.0150869	 
64	 |	 -0.0131412	 0	 0	 0	 -0.0345037	 0	 0	 0	 -0.0162309	 
65	 |	 -0.00250789	 -0.202115	 -0.00593243	 0	 -0.0103198	 -0.00349088	 -0.165148	 0	 -0.00048715	 
66	 |	 -0.00309062	 -0.201042	 -0.00754944	 0	 -0.0131476	 -0.00520012	 -0.16595	 0	 -0.005464	 
67	 |	 -0.00303963	 -0.125374	 -0.00617163	 0	 -0.0108575	 -0.00370649	 -0.101895	 0	 -0.00050535	 
68	 |	 -0.00364337	 -0.12602	 -0.00776842	 0	 -0.0134061	 -0.00528303	 -0.102809	 0	 -0.0054839	 
69	 |	 -0.00317059	 -0.115433	 -0.00621894	 0	 -0.0109943	 -0.00372706	 -0.0935967	 0	 -0.00050689	 
70	 |	 -0.00384512	 -0.116188	 -0.00775214	 0	 -0.0136935	 -0.00527445	 -0.0955837	 0	 -0.00546929	 
71	 |	 -0.00445957	 -0.0667823	 -0.00657287	 0	 -0.0123736	 -0.0038883	 -0.0538204	 0	 -0.00052431	 
72	 |	 -0.00528993	 -0.0673521	 -0.00784241	 0	 -0.0147664	 -0.00536618	 -0.0554881	 0	 -0.00551524	 
73	 |	 -0.00652953	 -0.0359604	 -0.00683754	 0	 -0.015135	 -0.00405033	 -0.0302194	 0	 -0.00059399	 
74	 |	 -0.00749746	 -0.0368515	 -0.00774439	 0	 -0.0172007	 -0.00541344	 -0.0313807	 0	 -0.00549057	 
75	 |	 -0.00805655	 -0.0232096	 -0.00665707	 0	 -0.0176601	 -0.00403199	 -0.020862	 0	 -0.0008179	 
76	 |	 -0.00919903	 -0.0238252	 -0.00761476	 0	 -0.0196135	 -0.00534054	 -0.0221828	 0	 -0.00565381	 
77	 |	 -0.00986927	 -0.0114959	 -0.0056586	 0	 -0.0217321	 -0.0036926	 -0.012583	 0	 -0.00170284	 
78	 |	 -0.0110957	 -0.0119685	 -0.00644595	 0	 -0.0236213	 -0.00476093	 -0.013665	 0	 -0.00647199	 
79	 |	 -0.011717	 0	 0	 0	 -0.0330637	 0	 0	 0	 -0.0151754	 
80	 |	 -0.0131722	 0	 0	 0	 -0.0345457	 0	 0	 0	 -0.0162495	 
81	 |	 -0.00248475	 -0.204231	 -0.00581954	 0	 -0.00973664	 -0.00511795	 -0.165422	 0	 -0.00024466	 
82	 |	 -0.0030411	 -0.204236	 -0.00715655	 0	 -0.0110826	 -0.00821111	 -0.167188	 0	 -0.00331968	 
83	 |	 -0.00302646	 -0.127764	 -0.00604039	 0	 -0.0103094	 -0.00522966	 -0.101416	 0	 -0.00025717	 
84	 |	 -0.00368408	 -0.12764	 -0.00712662	 0	 -0.0116036	 -0.00824926	 -0.102311	 0	 -0.00336776	 
85	 |	 -0.00315181	 -0.117807	 -0.0060871	 0	 -0.0104557	 -0.00525018	 -0.0931127	 0	 -0.00025913	 
86	 |	 -0.00384284	 -0.117595	 -0.00715597	 0	 -0.0117481	 -0.00815815	 -0.0949708	 0	 -0.00338816	 
87	 |	 -0.00445302	 -0.0686882	 -0.00647331	 0	 -0.0119355	 -0.00536622	 -0.0535378	 0	 -0.0002761	 
88	 |	 -0.00517735	 -0.069169	 -0.00750826	 0	 -0.0131906	 -0.00814481	 -0.0554391	 0	 -0.00352494	 
89	 |	 -0.00656489	 -0.0372953	 -0.00673786	 0	 -0.0148025	 -0.00540292	 -0.0294843	 0	 -0.00037926	 
90	 |	 -0.00750429	 -0.0382319	 -0.00772555	 0	 -0.0160937	 -0.00789785	 -0.0314124	 0	 -0.00376681	 
91	 |	 -0.00808388	 -0.0241155	 -0.0066066	 0	 -0.0174428	 -0.00538788	 -0.0203904	 0	 -0.00060732	 
92	 |	 -0.00919011	 -0.0250172	 -0.00739912	 0	 -0.0187634	 -0.00760152	 -0.0218958	 0	 -0.00408411	 
93	 |	 -0.00983548	 -0.0120384	 -0.00562513	 0	 -0.0216144	 -0.00487077	 -0.0121279	 0	 -0.00152963	 
94	 |	 -0.0111245	 -0.0130093	 -0.00638213	 0	 -0.0229545	 -0.00679334	 -0.0134477	 0	 -0.00510481	 
95	 |	 -0.0117764	 0	 0	 0	 -0.0331029	 0	 0	 0	 -0.015398	 
96	 |	 -0.0131809	 0	 0	 0	 -0.0346765	 0	 0	 0	 -0.0162819	 
97	 |	 -0.0052095	 -0.197388	 -0.0174102	 0	 -0.0471747	 -0.00039919	 -0.164955	 0	 -0.00032475	 
98	 |	 -0.00675583	 -0.199299	 -0.0234729	 0	 -0.0561429	 -0.00124487	 -0.166953	 0	 -0.00372738	 
99	 |	 -0.00614866	 -0.122615	 -0.0182854	 0	 -0.0477447	 -0.0003879	 -0.101024	 0	 -0.00032395	 
100	 |	 -0.00773982	 -0.126187	 -0.0241351	 0	 -0.056293	 -0.00134571	 -0.102084	 0	 -0.00371886	 
101	 |	 -0.0063593	 -0.113028	 -0.0184709	 0	 -0.0479035	 -0.00039445	 -0.0928454	 0	 -0.0003245	 
102	 |	 -0.00794681	 -0.115082	 -0.0241824	 0	 -0.0563959	 -0.00139851	 -0.0936743	 0	 -0.00371484	 
103	 |	 -0.008215	 -0.0654893	 -0.0201715	 0	 -0.0495513	 -0.00045317	 -0.0530989	 0	 -0.00033877	 
104	 |	 -0.0102699	 -0.0696114	 -0.0254827	 0	 -0.0568803	 -0.0014697	 -0.0539459	 0	 -0.0037936	 
105	 |	 -0.0111364	 -0.0353438	 -0.0228065	 0	 -0.0527017	 -0.00049418	 -0.0294857	 0	 -0.00036562	 
106	 |	 -0.0132829	 -0.0393766	 -0.0273104	 0	 -0.0586926	 -0.00154188	 -0.03088	 0	 -0.00397006	 
107	 |	 -0.0133881	 -0.0230906	 -0.0239519	 0	 -0.0554225	 -0.00052157	 -0.0196943	 0	 -0.00038243	 
108	 |	 -0.0155779	 -0.0264398	 -0.0279678	 0	 -0.0606823	 -0.00167211	 -0.0211278	 0	 -0.00398435	 
109	 |	 -0.0164113	 -0.0110313	 -0.0223597	 0	 -0.0595953	 -0.00055856	 -0.0111883	 0	 -0.0004855	 
110	 |	 -0.0187148	 -0.0139316	 -0.0250992	 0	 -0.0632209	 -0.00160443	 -0.0123072	 0	 -0.00409487	 
111	 |	 -0.020026	 0	 0	 0	 -0.0777083	 0	 0	 0	 -0.00793538	 
112	 |	 -0.0226614	 0	 0	 0	 -0.0798692	 0	 0	 0	 -0.00892485	 
113	 |	 -0.00512795	 -0.204486	 -0.0174627	 0	 -0.0457392	 -0.00046348	 -0.164421	 0	 -0.00028995	 
114	 |	 -0.006374	 -0.206267	 -0.0232114	 0	 -0.0524911	 -0.00167232	 -0.166918	 0	 -0.00349236	 
115	 |	 -0.00592986	 -0.127655	 -0.0183141	 0	 -0.0465299	 -0.00050507	 -0.100968	 0	 -0.00030087	 
116	 |	 -0.00736219	 -0.130696	 -0.0239289	 0	 -0.052998	 -0.00171554	 -0.101927	 0	 -0.00349296	 
117	 |	 -0.00613057	 -0.117853	 -0.0184989	 0	 -0.0467154	 -0.00051302	 -0.0926067	 0	 -0.00030331	 
118	 |	 -0.00760827	 -0.121308	 -0.0240868	 0	 -0.053142	 -0.00173513	 -0.0936797	 0	 -0.00350203	 
119	 |	 -0.00815397	 -0.0692465	 -0.0202393	 0	 -0.0485691	 -0.0005674	 -0.0530291	 0	 -0.0003135	 
120	 |	 -0.00992519	 -0.0736542	 -0.0253031	 0	 -0.0541844	 -0.00179979	 -0.0539916	 0	 -0.00358036	 
121	 |	 -0.0111605	 -0.0376655	 -0.0227095	 0	 -0.0520172	 -0.00067727	 -0.0294154	 0	 -0.00034388	 
122	 |	 -0.0135037	 -0.0420869	 -0.0272675	 0	 -0.0568645	 -0.00191525	 -0.030848	 0	 -0.00368356	 
123	 |	 -0.0133037	 -0.0246412	 -0.0239624	 0	 -0.0550016	 -0.00070721	 -0.0199344	 0	 -0.0003705	 
124	 |	 -0.0154639	 -0.0283229	 -0.0279525	 0	 -0.0590461	 -0.00187766	 -0.0211247	 0	 -0.00381879	 
125	 |	 -0.0163363	 -0.011868	 -0.0222567	 0	 -0.0593371	 -0.0007902	 -0.0109705	 0	 -0.00045729	 
126	 |	 -0.0188338	 -0.0146024	 -0.0249648	 0	 -0.0625787	 -0.00186588	 -0.0123012	 0	 -0.00391593	 
127	 |	 -0.0199712	 0	 0	 0	 -0.0777118	 0	 0	 0	 -0.00797565	 
128	 |	 -0.0226532	 0	 0	 0	 -0.0799303	 0	 0	 0	 -0.00892331	 
129	 |	 -0.00505455	 -0.207443	 -0.0173854	 0	 -0.0449239	 -0.00138394	 -0.164321	 0	 -0.00012282	 
130	 |	 -0.00643492	 -0.212765	 -0.0229355	 0	 -0.04804	 -0.00330183	 -0.164861	 0	 -0.00226148	 
131	 |	 -0.00595112	 -0.131355	 -0.0181295	 0	 -0.0457584	 -0.00142143	 -0.100335	 0	 -0.00012634	 
132	 |	 -0.00748148	 -0.137822	 -0.0236186	 0	 -0.0488813	 -0.0032515	 -0.101872	 0	 -0.00235689	 
133	 |	 -0.00616814	 -0.121407	 -0.0183231	 0	 -0.0459573	 -0.00140384	 -0.0921268	 0	 -0.00012776	 
134	 |	 -0.00793496	 -0.125737	 -0.0234122	 0	 -0.0492308	 -0.00321969	 -0.0938697	 0	 -0.00237183	 
135	 |	 -0.00807899	 -0.0717027	 -0.0201269	 0	 -0.0479508	 -0.00149623	 -0.0527664	 0	 -0.00013583	 
136	 |	 -0.00974063	 -0.0780147	 -0.0252534	 0	 -0.0510138	 -0.00338533	 -0.053894	 0	 -0.0024285	 
137	 |	 -0.0110681	 -0.0396603	 -0.022624	 0	 -0.0516101	 -0.00165114	 -0.0292007	 0	 -0.00015568	 
138	 |	 -0.0130852	 -0.0448898	 -0.0272195	 0	 -0.054428	 -0.00341545	 -0.0305434	 0	 -0.00258408	 
139	 |	 -0.0133657	 -0.0259169	 -0.023785	 0	 -0.0546991	 -0.00170359	 -0.0196087	 0	 -0.00019252	 
140	 |	 -0.0153529	 -0.0307228	 -0.0277217	 0	 -0.0575265	 -0.00340205	 -0.0209678	 0	 -0.00265802	 
141	 |	 -0.0163125	 -0.0126576	 -0.0221615	 0	 -0.0592353	 -0.00177517	 -0.0108457	 0	 -0.00024093	 
142	 |	 -0.0188738	 -0.0164463	 -0.0246248	 0	 -0.06181	 -0.0032136	 -0.0121268	 0	 -0.00289076	 
143	 |	 -0.0199247	 0	 0	 0	 -0.07777	 0	 0	 0	 -0.00817289	 
144	 |	 -0.0226624	 0	 0	 0	 -0.0802057	 0	 0	 0	 -0.00896624	 
