****************************PATTERN SUB-metal1-metal2_STACK3L **********************************
    wMst        wEnv       space     edgeSpace  |       c12         c13         c14        c1t          c1b         c23         c24         c2t        c2b
0.04500000  0.04500000  0.02250000  0.31500000  |  -0.00754463 -0.18569054 -0.00707534 0.00000000  -0.00677308 -0.00693810 -0.15857127 0.00000000  -0.00085098 
0.04500000  0.04500000  0.02250000  4.50000000  |  -0.00791540 -0.18510797 -0.00788787 0.00000000  -0.00947247 -0.00754672 -0.15813986 0.00000000  -0.00558399 
0.04500000  0.04500000  0.04050000  0.31500000  |  -0.00943910 -0.11000781 -0.00705485 0.00000000  -0.00722118 -0.00709257 -0.09434381 0.00000000  -0.00084852 
0.04500000  0.04500000  0.04050000  4.50000000  |  -0.00974622 -0.11016012 -0.00789765 0.00000000  -0.00983900 -0.00790865 -0.09489490 0.00000000  -0.00558553 
0.04500000  0.04500000  0.04500000  0.31500000  |  -0.00987888 -0.10033592 -0.00704132 0.00000000  -0.00733587 -0.00694993 -0.08593982 0.00000000  -0.00085619 
0.04500000  0.04500000  0.04500000  4.50000000  |  -0.01015154 -0.10042095 -0.00787727 0.00000000  -0.00988286 -0.00769282 -0.08637599 0.00000000  -0.00559835 
0.04500000  0.04500000  0.09000000  0.31500000  |  -0.01362041 -0.05351825 -0.00692450 0.00000000  -0.00849594 -0.00698728 -0.04663955 0.00000000  -0.00087645 
0.04500000  0.04500000  0.09000000  4.50000000  |  -0.01409708 -0.05399954 -0.00776864 0.00000000  -0.01089432 -0.00781271 -0.04697836 0.00000000  -0.00568108 
0.04500000  0.04500000  0.18000000  0.31500000  |  -0.01809162 -0.02605658 -0.00633711 0.00000000  -0.01076318 -0.00638662 -0.02396589 0.00000000  -0.00109464 
0.04500000  0.04500000  0.18000000  4.50000000  |  -0.01859363 -0.02657236 -0.00713291 0.00000000  -0.01280784 -0.00727624 -0.02483261 0.00000000  -0.00581319 
0.04500000  0.04500000  0.27000000  0.31500000  |  -0.02033367 -0.01595415 -0.00559717 0.00000000  -0.01270341 -0.00575953 -0.01585108 0.00000000  -0.00164285 
0.04500000  0.04500000  0.27000000  4.50000000  |  -0.02080311 -0.01641450 -0.00640092 0.00000000  -0.01466070 -0.00657795 -0.01655383 0.00000000  -0.00630732 
0.04500000  0.04500000  0.45000000  0.31500000  |  -0.02229927 -0.00748229 -0.00429393 0.00000000  -0.01579728 -0.00439387 -0.00928339 0.00000000  -0.00322874 
0.04500000  0.04500000  0.45000000  4.50000000  |  -0.02288199 -0.00791814 -0.00485779 0.00000000  -0.01777140 -0.00516631 -0.00965753 0.00000000  -0.00768394 
0.04500000  0.04500000  4.50000000  0.31500000  |  -0.02337232 0.00000000  0.00000000  0.00000000  -0.02434592 0.00000000  0.00000000  0.00000000  -0.01602300 
0.04500000  0.04500000  4.50000000  4.50000000  |  -0.02419300 0.00000000  0.00000000  0.00000000  -0.02543617 0.00000000  0.00000000  0.00000000  -0.01669068 
0.04500000  0.13500000  0.02250000  0.31500000  |  -0.00749859 -0.18903431 -0.00655833 0.00000000  -0.00608442 -0.00772431 -0.15786405 0.00000000  -0.00077954 
0.04500000  0.13500000  0.02250000  4.50000000  |  -0.00784327 -0.18738191 -0.00699938 0.00000000  -0.00797441 -0.00920666 -0.15874652 0.00000000  -0.00522262 
0.04500000  0.13500000  0.04050000  0.31500000  |  -0.00941635 -0.11281144 -0.00664627 0.00000000  -0.00659169 -0.00773305 -0.09388781 0.00000000  -0.00079350 
0.04500000  0.13500000  0.04050000  4.50000000  |  -0.00963447 -0.11308113 -0.00725565 0.00000000  -0.00849406 -0.00901790 -0.09437195 0.00000000  -0.00518984 
0.04500000  0.13500000  0.04500000  0.31500000  |  -0.00986658 -0.10306390 -0.00664055 0.00000000  -0.00671625 -0.00771658 -0.08565943 0.00000000  -0.00079189 
0.04500000  0.13500000  0.04500000  4.50000000  |  -0.01008321 -0.10343589 -0.00719940 0.00000000  -0.00860123 -0.00899751 -0.08621278 0.00000000  -0.00520239 
0.04500000  0.13500000  0.09000000  0.31500000  |  -0.01360481 -0.05555621 -0.00661133 0.00000000  -0.00795243 -0.00745464 -0.04642559 0.00000000  -0.00083238 
0.04500000  0.13500000  0.09000000  4.50000000  |  -0.01395056 -0.05587402 -0.00720599 0.00000000  -0.00966494 -0.00871147 -0.04675825 0.00000000  -0.00536535 
0.04500000  0.13500000  0.18000000  0.31500000  |  -0.01804359 -0.02751444 -0.00610788 0.00000000  -0.01035600 -0.00682771 -0.02384441 0.00000000  -0.00108412 
0.04500000  0.13500000  0.18000000  4.50000000  |  -0.01854289 -0.02811523 -0.00664736 0.00000000  -0.01197545 -0.00801129 -0.02444411 0.00000000  -0.00554861 
0.04500000  0.13500000  0.27000000  0.31500000  |  -0.02030784 -0.01691092 -0.00543462 0.00000000  -0.01241852 -0.00606822 -0.01560736 0.00000000  -0.00161864 
0.04500000  0.13500000  0.27000000  4.50000000  |  -0.02074389 -0.01756592 -0.00611848 0.00000000  -0.01404344 -0.00713313 -0.01628656 0.00000000  -0.00615110 
0.04500000  0.13500000  0.45000000  0.31500000  |  -0.02227199 -0.00791016 -0.00416899 0.00000000  -0.01562126 -0.00456635 -0.00904528 0.00000000  -0.00318112 
0.04500000  0.13500000  0.45000000  4.50000000  |  -0.02278149 -0.00847357 -0.00469221 0.00000000  -0.01740653 -0.00546079 -0.00951226 0.00000000  -0.00749449 
0.04500000  0.13500000  4.50000000  0.31500000  |  -0.02335856 0.00000000  0.00000000  0.00000000  -0.02432842 0.00000000  0.00000000  0.00000000  -0.01608086 
0.04500000  0.13500000  4.50000000  4.50000000  |  -0.02414220 0.00000000  0.00000000  0.00000000  -0.02561863 0.00000000  0.00000000  0.00000000  -0.01665675 
0.04500000  0.90000000  0.02250000  0.31500000  |  -0.00749526 -0.19030206 -0.00648841 0.00000000  -0.00569259 -0.00941794 -0.15823301 0.00000000  -0.00041959 
0.04500000  0.90000000  0.02250000  4.50000000  |  -0.00778117 -0.18941885 -0.00688478 0.00000000  -0.00674887 -0.01223309 -0.15820263 0.00000000  -0.00297553 
0.04500000  0.90000000  0.04050000  0.31500000  |  -0.00940621 -0.11402578 -0.00654674 0.00000000  -0.00621378 -0.00941397 -0.09387689 0.00000000  -0.00045295 
0.04500000  0.90000000  0.04050000  4.50000000  |  -0.00970495 -0.11480739 -0.00704809 0.00000000  -0.00728040 -0.01214342 -0.09392660 0.00000000  -0.00299521 
0.04500000  0.90000000  0.04500000  0.31500000  |  -0.00983372 -0.10437909 -0.00656957 0.00000000  -0.00634671 -0.00936740 -0.08563314 0.00000000  -0.00045657 
0.04500000  0.90000000  0.04500000  4.50000000  |  -0.01010972 -0.10521212 -0.00708342 0.00000000  -0.00741189 -0.01209732 -0.08577319 0.00000000  -0.00301326 
0.04500000  0.90000000  0.09000000  0.31500000  |  -0.01357860 -0.05671842 -0.00647033 0.00000000  -0.00763514 -0.00911349 -0.04587562 0.00000000  -0.00051948 
0.04500000  0.90000000  0.09000000  4.50000000  |  -0.01383167 -0.05771824 -0.00708357 0.00000000  -0.00874799 -0.01164269 -0.04620846 0.00000000  -0.00319844 
0.04500000  0.90000000  0.18000000  0.31500000  |  -0.01806414 -0.02838718 -0.00604193 0.00000000  -0.01011133 -0.00838177 -0.02329921 0.00000000  -0.00073726 
0.04500000  0.90000000  0.18000000  4.50000000  |  -0.01857354 -0.02911031 -0.00655785 0.00000000  -0.01125462 -0.01070924 -0.02372292 0.00000000  -0.00352781 
0.04500000  0.90000000  0.27000000  0.31500000  |  -0.02030036 -0.01759296 -0.00532687 0.00000000  -0.01225220 -0.00771746 -0.01531710 0.00000000  -0.00128817 
0.04500000  0.90000000  0.27000000  4.50000000  |  -0.02077834 -0.01834530 -0.00592450 0.00000000  -0.01345945 -0.00968245 -0.01596486 0.00000000  -0.00426990 
0.04500000  0.90000000  0.45000000  0.31500000  |  -0.02218916 -0.00841051 -0.00407574 0.00000000  -0.01549862 -0.00607686 -0.00869290 0.00000000  -0.00285151 
0.04500000  0.90000000  0.45000000  4.50000000  |  -0.02279441 -0.00915732 -0.00463847 0.00000000  -0.01694740 -0.00777075 -0.00913225 0.00000000  -0.00583465 
0.04500000  0.90000000  4.50000000  0.31500000  |  -0.02333087 0.00000000  0.00000000  0.00000000  -0.02432329 0.00000000  0.00000000  0.00000000  -0.01617015 
0.04500000  0.90000000  4.50000000  4.50000000  |  -0.02409264 0.00000000  0.00000000  0.00000000  -0.02555631 0.00000000  0.00000000  0.00000000  -0.01659461 
0.13500000  0.04500000  0.02250000  0.31500000  |  -0.01142478 -0.18911650 -0.01670107 0.00000000  -0.01105723 -0.00229055 -0.15787312 0.00000000  -0.00065147 
0.13500000  0.04500000  0.02250000  4.50000000  |  -0.01172963 -0.18804503 -0.01787581 0.00000000  -0.01452499 -0.00322772 -0.15835281 0.00000000  -0.00490396 
0.13500000  0.04500000  0.04050000  0.31500000  |  -0.01366884 -0.11300643 -0.01658660 0.00000000  -0.01151330 -0.00236594 -0.09396045 0.00000000  -0.00064956 
0.13500000  0.04500000  0.04050000  4.50000000  |  -0.01401034 -0.11369872 -0.01758796 0.00000000  -0.01476879 -0.00327936 -0.09447646 0.00000000  -0.00501949 
0.13500000  0.04500000  0.04500000  0.31500000  |  -0.01414608 -0.10298724 -0.01650311 0.00000000  -0.01163305 -0.00243410 -0.08553601 0.00000000  -0.00064879 
0.13500000  0.04500000  0.04500000  4.50000000  |  -0.01433964 -0.10415258 -0.01762046 0.00000000  -0.01482627 -0.00337814 -0.08607203 0.00000000  -0.00500271 
0.13500000  0.04500000  0.09000000  0.31500000  |  -0.01858181 -0.05543353 -0.01511093 0.00000000  -0.01286737 -0.00275189 -0.04614834 0.00000000  -0.00066767 
0.13500000  0.04500000  0.09000000  4.50000000  |  -0.01913242 -0.05639262 -0.01599050 0.00000000  -0.01578561 -0.00362563 -0.04695552 0.00000000  -0.00500662 
0.13500000  0.04500000  0.18000000  0.31500000  |  -0.02356284 -0.02715426 -0.01202241 0.00000000  -0.01536779 -0.00308590 -0.02347827 0.00000000  -0.00080883 
0.13500000  0.04500000  0.18000000  4.50000000  |  -0.02399001 -0.02809856 -0.01289480 0.00000000  -0.01772209 -0.00386077 -0.02417014 0.00000000  -0.00518862 
0.13500000  0.04500000  0.27000000  0.31500000  |  -0.02592325 -0.01654089 -0.00980229 0.00000000  -0.01758094 -0.00312802 -0.01542736 0.00000000  -0.00119136 
0.13500000  0.04500000  0.27000000  4.50000000  |  -0.02649879 -0.01748458 -0.01056350 0.00000000  -0.01986916 -0.00385316 -0.01614155 0.00000000  -0.00557259 
0.13500000  0.04500000  0.45000000  0.31500000  |  -0.02801497 -0.00793863 -0.00676629 0.00000000  -0.02110572 -0.00278537 -0.00893490 0.00000000  -0.00232764 
0.13500000  0.04500000  0.45000000  4.50000000  |  -0.02866940 -0.00862366 -0.00737229 0.00000000  -0.02336595 -0.00335335 -0.00937464 0.00000000  -0.00647271 
0.13500000  0.04500000  4.50000000  0.31500000  |  -0.02927983 0.00000000  0.00000000  0.00000000  -0.03165701 0.00000000  0.00000000  0.00000000  -0.01353471 
0.13500000  0.04500000  4.50000000  4.50000000  |  -0.03015436 0.00000000  0.00000000  0.00000000  -0.03308586 0.00000000  0.00000000  0.00000000  -0.01366583 
0.13500000  0.13500000  0.02250000  0.31500000  |  -0.01131467 -0.19329456 -0.01629978 0.00000000  -0.01017086 -0.00266154 -0.15788257 0.00000000  -0.00059225 
0.13500000  0.13500000  0.02250000  4.50000000  |  -0.01150447 -0.19215742 -0.01718521 0.00000000  -0.01265399 -0.00394567 -0.15800312 0.00000000  -0.00456270 
0.13500000  0.13500000  0.04050000  0.31500000  |  -0.01361852 -0.11627540 -0.01625230 0.00000000  -0.01071681 -0.00281337 -0.09382150 0.00000000  -0.00061025 
0.13500000  0.13500000  0.04050000  4.50000000  |  -0.01376085 -0.11668165 -0.01694784 0.00000000  -0.01300841 -0.00411201 -0.09455795 0.00000000  -0.00461054 
0.13500000  0.13500000  0.04500000  0.31500000  |  -0.01415800 -0.10640870 -0.01618911 0.00000000  -0.01085523 -0.00284151 -0.08549458 0.00000000  -0.00061369 
0.13500000  0.13500000  0.04500000  4.50000000  |  -0.01441689 -0.10682480 -0.01697642 0.00000000  -0.01319518 -0.00413059 -0.08578958 0.00000000  -0.00456864 
0.13500000  0.13500000  0.09000000  0.31500000  |  -0.01852639 -0.05787631 -0.01486984 0.00000000  -0.01224126 -0.00305800 -0.04597870 0.00000000  -0.00063899 
0.13500000  0.13500000  0.09000000  4.50000000  |  -0.01904372 -0.05878788 -0.01557906 0.00000000  -0.01442249 -0.00426517 -0.04644258 0.00000000  -0.00463753 
0.13500000  0.13500000  0.18000000  0.31500000  |  -0.02353220 -0.02872260 -0.01191382 0.00000000  -0.01492287 -0.00343182 -0.02337844 0.00000000  -0.00077467 
0.13500000  0.13500000  0.18000000  4.50000000  |  -0.02395480 -0.02936339 -0.01256648 0.00000000  -0.01683973 -0.00467442 -0.02371854 0.00000000  -0.00480790 
0.13500000  0.13500000  0.27000000  0.31500000  |  -0.02593551 -0.01763222 -0.00964133 0.00000000  -0.01724860 -0.00344074 -0.01532429 0.00000000  -0.00114450 
0.13500000  0.13500000  0.27000000  4.50000000  |  -0.02652483 -0.01813896 -0.01038930 0.00000000  -0.01927737 -0.00449135 -0.01576081 0.00000000  -0.00533047 
0.13500000  0.13500000  0.45000000  0.31500000  |  -0.02799410 -0.00836880 -0.00668502 0.00000000  -0.02099182 -0.00294635 -0.00883932 0.00000000  -0.00230940 
0.13500000  0.13500000  0.45000000  4.50000000  |  -0.02870273 -0.00896942 -0.00723590 0.00000000  -0.02308523 -0.00387728 -0.00915018 0.00000000  -0.00623062 
0.13500000  0.13500000  4.50000000  0.31500000  |  -0.02929762 0.00000000  0.00000000  0.00000000  -0.03173710 0.00000000  0.00000000  0.00000000  -0.01355786 
0.13500000  0.13500000  4.50000000  4.50000000  |  -0.03017221 0.00000000  0.00000000  0.00000000  -0.03311217 0.00000000  0.00000000  0.00000000  -0.01388446 
0.13500000  0.90000000  0.02250000  0.31500000  |  -0.01131270 -0.19499835 -0.01619305 0.00000000  -0.00967983 -0.00424980 -0.15814188 0.00000000  -0.00028915 
0.13500000  0.90000000  0.02250000  4.50000000  |  -0.01138941 -0.19429292 -0.01683244 0.00000000  -0.01100052 -0.00680052 -0.15804363 0.00000000  -0.00256268 
0.13500000  0.90000000  0.04050000  0.31500000  |  -0.01362386 -0.11813406 -0.01615206 0.00000000  -0.01025800 -0.00437775 -0.09363999 0.00000000  -0.00029700 
0.13500000  0.90000000  0.04050000  4.50000000  |  -0.01374215 -0.11776113 -0.01664195 0.00000000  -0.01156084 -0.00680982 -0.09367119 0.00000000  -0.00259885 
0.13500000  0.90000000  0.04500000  0.31500000  |  -0.01413924 -0.10820680 -0.01610612 0.00000000  -0.01040239 -0.00437779 -0.08530899 0.00000000  -0.00029993 
0.13500000  0.90000000  0.04500000  4.50000000  |  -0.01427043 -0.10769028 -0.01679719 0.00000000  -0.01170033 -0.00678809 -0.08545476 0.00000000  -0.00261500 
0.13500000  0.90000000  0.09000000  0.31500000  |  -0.01853792 -0.05930041 -0.01482484 0.00000000  -0.01187118 -0.00457048 -0.04560846 0.00000000  -0.00032328 
0.13500000  0.90000000  0.09000000  4.50000000  |  -0.01889954 -0.05999348 -0.01509486 0.00000000  -0.01314519 -0.00693254 -0.04579789 0.00000000  -0.00276884 
0.13500000  0.90000000  0.18000000  0.31500000  |  -0.02353538 -0.02976810 -0.01181879 0.00000000  -0.01464907 -0.00493757 -0.02301105 0.00000000  -0.00046325 
0.13500000  0.90000000  0.18000000  4.50000000  |  -0.02399398 -0.03067816 -0.01240804 0.00000000  -0.01593053 -0.00702813 -0.02366122 0.00000000  -0.00303243 
0.13500000  0.90000000  0.27000000  0.31500000  |  -0.02594820 -0.01843110 -0.00957651 0.00000000  -0.01707840 -0.00494251 -0.01495896 0.00000000  -0.00081971 
0.13500000  0.90000000  0.27000000  4.50000000  |  -0.02645931 -0.01946265 -0.01000435 0.00000000  -0.01842268 -0.00677727 -0.01552343 0.00000000  -0.00341035 
0.13500000  0.90000000  0.45000000  0.31500000  |  -0.02801755 -0.00893505 -0.00655814 0.00000000  -0.02084385 -0.00432459 -0.00849044 0.00000000  -0.00198544 
0.13500000  0.90000000  0.45000000  4.50000000  |  -0.02868290 -0.00975139 -0.00728465 0.00000000  -0.02238510 -0.00594449 -0.00876205 0.00000000  -0.00475217 
0.13500000  0.90000000  4.50000000  0.31500000  |  -0.02926923 0.00000000  0.00000000  0.00000000  -0.03165791 0.00000000  0.00000000  0.00000000  -0.01360755 
0.13500000  0.90000000  4.50000000  4.50000000  |  -0.03016993 0.00000000  0.00000000  0.00000000  -0.03314426 0.00000000  0.00000000  0.00000000  -0.01390924 
0.90000000  0.04500000  0.02250000  0.31500000  |  -0.01375656 -0.19012485 -0.04650712 0.00000000  -0.04694197 -0.00033309 -0.15802661 0.00000000  -0.00034182 
0.90000000  0.04500000  0.02250000  4.50000000  |  -0.01546500 -0.19478342 -0.05155551 0.00000000  -0.05688244 -0.00108070 -0.15778115 0.00000000  -0.00262366 
0.90000000  0.04500000  0.04050000  0.31500000  |  -0.01643824 -0.11579869 -0.04891513 0.00000000  -0.04749987 -0.00041512 -0.09321794 0.00000000  -0.00034187 
0.90000000  0.04500000  0.04050000  4.50000000  |  -0.01811171 -0.12452109 -0.05426198 0.00000000  -0.05718258 -0.00131842 -0.09256959 0.00000000  -0.00260001 
0.90000000  0.04500000  0.04500000  0.31500000  |  -0.01704546 -0.10538443 -0.04955320 0.00000000  -0.04766755 -0.00042065 -0.08496268 0.00000000  -0.00034375 
0.90000000  0.04500000  0.04500000  4.50000000  |  -0.01892258 -0.11466952 -0.05455209 0.00000000  -0.05716211 -0.00134261 -0.08445812 0.00000000  -0.00261624 
0.90000000  0.04500000  0.09000000  0.31500000  |  -0.02251821 -0.05745770 -0.05523667 0.00000000  -0.04934527 -0.00042784 -0.04478730 0.00000000  -0.00036139 
0.90000000  0.04500000  0.09000000  4.50000000  |  -0.02431008 -0.06992317 -0.06014395 0.00000000  -0.05783782 -0.00144878 -0.04474290 0.00000000  -0.00270115 
0.90000000  0.04500000  0.18000000  0.31500000  |  -0.02945262 -0.02894264 -0.06191157 0.00000000  -0.05248608 -0.00042655 -0.02151211 0.00000000  -0.00039237 
0.90000000  0.04500000  0.18000000  4.50000000  |  -0.03138412 -0.03878967 -0.06533228 0.00000000  -0.05928847 -0.00152819 -0.02177118 0.00000000  -0.00297289 
0.90000000  0.04500000  0.27000000  0.31500000  |  -0.03340980 -0.01768745 -0.06411254 0.00000000  -0.05508738 -0.00049459 -0.01284224 0.00000000  -0.00040156 
0.90000000  0.04500000  0.27000000  4.50000000  |  -0.03539419 -0.02571435 -0.06721888 0.00000000  -0.06092478 -0.00161809 -0.01322170 0.00000000  -0.00303440 
0.90000000  0.04500000  0.45000000  0.31500000  |  -0.03715644 -0.00735686 -0.04829127 0.00000000  -0.05783765 -0.00044764 -0.00620896 0.00000000  -0.00041106 
0.90000000  0.04500000  0.45000000  4.50000000  |  -0.03910306 -0.01146940 -0.04972991 0.00000000  -0.06232696 -0.00148666 -0.00656291 0.00000000  -0.00293578 
0.90000000  0.04500000  4.50000000  0.31500000  |  -0.04020289 0.00000000  0.00000000  0.00000000  -0.07900146 0.00000000  0.00000000  0.00000000  -0.00539484 
0.90000000  0.04500000  4.50000000  4.50000000  |  -0.04190506 0.00000000  0.00000000  0.00000000  -0.08153335 0.00000000  0.00000000  0.00000000  -0.00565633 
0.90000000  0.13500000  0.02250000  0.31500000  |  -0.01377841 -0.19426953 -0.04641081 0.00000000  -0.04568738 -0.00046240 -0.15689483 0.00000000  -0.00029657 
0.90000000  0.13500000  0.02250000  4.50000000  |  -0.01478811 -0.20323659 -0.05149409 0.00000000  -0.05316870 -0.00152468 -0.15741177 0.00000000  -0.00238537 
0.90000000  0.13500000  0.04050000  0.31500000  |  -0.01633910 -0.11935730 -0.04905738 0.00000000  -0.04652832 -0.00047422 -0.09317364 0.00000000  -0.00030580 
0.90000000  0.13500000  0.04050000  4.50000000  |  -0.01766067 -0.13071590 -0.05474664 0.00000000  -0.05392771 -0.00160394 -0.09256874 0.00000000  -0.00240692 
0.90000000  0.13500000  0.04500000  0.31500000  |  -0.01694723 -0.10882488 -0.04968062 0.00000000  -0.04668393 -0.00048265 -0.08493828 0.00000000  -0.00030743 
0.90000000  0.13500000  0.04500000  4.50000000  |  -0.01829801 -0.12131908 -0.05532350 0.00000000  -0.05406483 -0.00161841 -0.08444613 0.00000000  -0.00242837 
0.90000000  0.13500000  0.09000000  0.31500000  |  -0.02261364 -0.06024083 -0.05510821 0.00000000  -0.04854266 -0.00059138 -0.04478987 0.00000000  -0.00032095 
0.90000000  0.13500000  0.09000000  4.50000000  |  -0.02399085 -0.07326482 -0.05951750 0.00000000  -0.05508732 -0.00179274 -0.04467603 0.00000000  -0.00252749 
0.90000000  0.13500000  0.18000000  0.31500000  |  -0.02945055 -0.03070654 -0.06176388 0.00000000  -0.05190114 -0.00066114 -0.02137190 0.00000000  -0.00034972 
0.90000000  0.13500000  0.18000000  4.50000000  |  -0.03141585 -0.04088985 -0.06534520 0.00000000  -0.05758273 -0.00180810 -0.02182358 0.00000000  -0.00279144 
0.90000000  0.13500000  0.27000000  0.31500000  |  -0.03344530 -0.01884206 -0.06408878 0.00000000  -0.05469988 -0.00071679 -0.01286297 0.00000000  -0.00035761 
0.90000000  0.13500000  0.27000000  4.50000000  |  -0.03529732 -0.02714084 -0.06697463 0.00000000  -0.05964552 -0.00196180 -0.01306830 0.00000000  -0.00278455 
0.90000000  0.13500000  0.45000000  0.31500000  |  -0.03719787 -0.00781820 -0.04816214 0.00000000  -0.05771272 -0.00071753 -0.00607225 0.00000000  -0.00037421 
0.90000000  0.13500000  0.45000000  4.50000000  |  -0.03882179 -0.01215459 -0.04970833 0.00000000  -0.06187947 -0.00172591 -0.00647604 0.00000000  -0.00274734 
0.90000000  0.13500000  4.50000000  0.31500000  |  -0.03996995 0.00000000  0.00000000  0.00000000  -0.07900224 0.00000000  0.00000000  0.00000000  -0.00537443 
0.90000000  0.13500000  4.50000000  4.50000000  |  -0.04188887 0.00000000  0.00000000  0.00000000  -0.08139223 0.00000000  0.00000000  0.00000000  -0.00569363 
0.90000000  0.90000000  0.02250000  0.31500000  |  -0.01377271 -0.19811337 -0.04655151 0.00000000  -0.04495149 -0.00144453 -0.15713035 0.00000000  -0.00009852 
0.90000000  0.90000000  0.02250000  4.50000000  |  -0.01493212 -0.21215709 -0.05167631 0.00000000  -0.04870674 -0.00263703 -0.15771308 0.00000000  -0.00150069 
0.90000000  0.90000000  0.04050000  0.31500000  |  -0.01637695 -0.12205827 -0.04916875 0.00000000  -0.04581002 -0.00159253 -0.09311348 0.00000000  -0.00010250 
0.90000000  0.90000000  0.04050000  4.50000000  |  -0.01778647 -0.13752130 -0.05399152 0.00000000  -0.04955067 -0.00264722 -0.09262970 0.00000000  -0.00145000 
0.90000000  0.90000000  0.04500000  0.31500000  |  -0.01687385 -0.11172541 -0.04963579 0.00000000  -0.04595691 -0.00160160 -0.08454670 0.00000000  -0.00010357 
0.90000000  0.90000000  0.04500000  4.50000000  |  -0.01842317 -0.12639078 -0.05477126 0.00000000  -0.04973969 -0.00269982 -0.08552700 0.00000000  -0.00157715 
0.90000000  0.90000000  0.09000000  0.31500000  |  -0.02221992 -0.06230696 -0.05491139 0.00000000  -0.04796140 -0.00169933 -0.04467698 0.00000000  -0.00011552 
0.90000000  0.90000000  0.09000000  4.50000000  |  -0.02373726 -0.07844601 -0.05924714 0.00000000  -0.05153663 -0.00286004 -0.04518871 0.00000000  -0.00165218 
0.90000000  0.90000000  0.18000000  0.31500000  |  -0.02929935 -0.03285141 -0.06178253 0.00000000  -0.05146466 -0.00181494 -0.02131315 0.00000000  -0.00013685 
0.90000000  0.90000000  0.18000000  4.50000000  |  -0.03101723 -0.04451914 -0.06524162 0.00000000  -0.05491380 -0.00302099 -0.02146046 0.00000000  -0.00172642 
0.90000000  0.90000000  0.27000000  0.31500000  |  -0.03332891 -0.02032986 -0.06421256 0.00000000  -0.05445374 -0.00179581 -0.01272979 0.00000000  -0.00017450 
0.90000000  0.90000000  0.27000000  4.50000000  |  -0.03520732 -0.03020982 -0.06671911 0.00000000  -0.05787615 -0.00303152 -0.01298718 0.00000000  -0.00187121 
0.90000000  0.90000000  0.45000000  0.31500000  |  -0.03711521 -0.00919955 -0.04794886 0.00000000  -0.05751474 -0.00168834 -0.00596271 0.00000000  -0.00018227 
0.90000000  0.90000000  0.45000000  4.50000000  |  -0.03910555 -0.01376299 -0.04933207 0.00000000  -0.06089430 -0.00273183 -0.00646013 0.00000000  -0.00194680 
0.90000000  0.90000000  4.50000000  0.31500000  |  -0.03999999 0.00000000  0.00000000  0.00000000  -0.07916846 0.00000000  0.00000000  0.00000000  -0.00543281 
0.90000000  0.90000000  4.50000000  4.50000000  |  -0.04188098 0.00000000  0.00000000  0.00000000  -0.08145117 0.00000000  0.00000000  0.00000000  -0.00564750 
