c1
8
-0.44542 0.3705
0.44542 0.3705
0.447805 0.3955
0.448855 0.4065
0.45458 0.4665
-0.45458 0.4665
-0.448855 0.4065
-0.447805 0.3955

5
botleft
4
-6.35 -0.001
0 -0.001
0 0.001
-6.35 0.001

botright
4
0 -0.001
7.7 -0.001
7.7 0.001
0 0.001

c2
8
0.90458 0.3705
1.79542 0.3705
1.797805 0.3955
1.798855 0.4065
1.80458 0.4665
0.89542 0.4665
0.901145 0.4065
0.902195 0.3955

topleft
4
-6.35 0.7415
0 0.7415
0 0.8405
-6.35 0.8405

topright
4
0 0.7415
7.7 0.7415
7.7 0.8405
0 0.8405


21
FOXA+FOXB+TOX
5
-6.35 0.001
0 0.001
7.7 0.001
7.7 0.2665
-6.35 0.2665
4

ILD1a
4
-6.35 0.2665
7.7 0.2665
7.7 0.2765
-6.35 0.2765
7

ILD1b1+ILD1b2
8
-6.35 0.2765
7.7 0.2765
7.7 0.3705
1.79542 0.3705
0.90458 0.3705
0.44542 0.3705
-0.44542 0.3705
-6.35 0.3705
4

ILD1b3
4
-6.35 0.3705
-0.44542 0.3705
-0.447805 0.3955
-6.35 0.3955
4

ILD1b3
4
0.44542 0.3705
0.90458 0.3705
0.902195 0.3955
0.447805 0.3955
4

ILD1b3
4
1.79542 0.3705
7.7 0.3705
7.7 0.3955
1.797805 0.3955
4

IMD1a
4
-6.35 0.3955
-0.447805 0.3955
-0.448855 0.4065
-6.35 0.4065
5.2

IMD1a
4
0.447805 0.3955
0.902195 0.3955
0.901145 0.4065
0.448855 0.4065
5.2

IMD1a
4
1.797805 0.3955
7.7 0.3955
7.7 0.4065
1.798855 0.4065
5.2

IMD1b
4
-6.35 0.4065
-0.448855 0.4065
-0.45458 0.4665
-6.35 0.4665
2.8

IMD1b
4
0.448855 0.4065
0.901145 0.4065
0.89542 0.4665
0.45458 0.4665
2.8

IMD1b
4
1.798855 0.4065
7.7 0.4065
7.7 0.4665
1.80458 0.4665
2.8

IMD2a
8
-6.35 0.4665
-0.45458 0.4665
0.45458 0.4665
0.89542 0.4665
1.80458 0.4665
7.7 0.4665
7.7 0.4875
-6.35 0.4875
5.2

IMD2b
4
-6.35 0.4875
7.7 0.4875
7.7 0.5025
-6.35 0.5025
4.2

IMD2c
4
-6.35 0.5025
7.7 0.5025
7.7 0.5265
-6.35 0.5265
3.28

IMD2d1+IMD2d2
4
-6.35 0.5265
7.7 0.5265
7.7 0.6535
-6.35 0.6535
2.65

IMD3a
4
-6.35 0.6535
7.7 0.6535
7.7 0.6745
-6.35 0.6745
5.2

IMD3b
4
-6.35 0.6745
7.7 0.6745
7.7 0.6895
-6.35 0.6895
4.2

IMD3c
4
-6.35 0.6895
7.7 0.6895
7.7 0.7135
-6.35 0.7135
3.28

IMD3d1
4
-6.35 0.7135
7.7 0.7135
7.7 0.7315
-6.35 0.7315
2.65

IMD3d1_damage
5
-6.35 0.7315
7.7 0.7315
7.7 0.7415
0 0.7415
-6.35 0.7415
3.1


4
-6.35 0.001
7.7 0.001
7.7 0.7415
-6.35 0.7415

