c1
8
-0.44542 0.3705
0.44542 0.3705
0.447805 0.3955
0.448855 0.4065
0.45458 0.4665
-0.45458 0.4665
-0.448855 0.4065
-0.447805 0.3955

5
botleft
4
-2.165 -0.001
0 -0.001
0 0.001
-2.165 0.001

botright
4
0 -0.001
5.855 -0.001
5.855 0.001
0 0.001

lEnv
8
-1.66042 0.3705
-0.76958 0.3705
-0.767195 0.3955
-0.766145 0.4065
-0.76042 0.4665
-1.66958 0.4665
-1.663855 0.4065
-1.662805 0.3955

topleft
4
-2.165 0.7415
0 0.7415
0 0.8405
-2.165 0.8405

topright
4
0 0.7415
5.855 0.7415
5.855 0.8405
0 0.8405


22
FOXA+FOXB+TOX
6
-2.165 0.001
0 0.001
5.855 0.001
5.8551 0.001
5.8551 0.2665
-2.165 0.2665
4

ILD1a
4
-2.165 0.2665
5.8551 0.2665
5.8551 0.2765
-2.165 0.2765
7

ILD1b1+ILD1b2
8
-2.165 0.2765
5.8551 0.2765
5.8551 0.3705
0.44542 0.3705
-0.44542 0.3705
-0.76958 0.3705
-1.66042 0.3705
-2.165 0.3705
4

ILD1b3
4
-2.165 0.3705
-1.66042 0.3705
-1.662805 0.3955
-2.165 0.3955
4

ILD1b3
4
-0.76958 0.3705
-0.44542 0.3705
-0.447805 0.3955
-0.767195 0.3955
4

ILD1b3
4
0.44542 0.3705
5.8551 0.3705
5.8551 0.3955
0.447805 0.3955
4

IMD1a
4
-2.165 0.3955
-1.662805 0.3955
-1.663855 0.4065
-2.165 0.4065
5.2

IMD1a
4
-0.767195 0.3955
-0.447805 0.3955
-0.448855 0.4065
-0.766145 0.4065
5.2

IMD1a
4
0.447805 0.3955
5.8551 0.3955
5.8551 0.4065
0.448855 0.4065
5.2

IMD1b
4
-2.165 0.4065
-1.663855 0.4065
-1.66958 0.4665
-2.165 0.4665
2.8

IMD1b
4
-0.766145 0.4065
-0.448855 0.4065
-0.45458 0.4665
-0.76042 0.4665
2.8

IMD1b
4
0.448855 0.4065
5.8551 0.4065
5.8551 0.4665
0.45458 0.4665
2.8

IMD2a
8
-2.165 0.4665
-1.66958 0.4665
-0.76042 0.4665
-0.45458 0.4665
0.45458 0.4665
5.8551 0.4665
5.8551 0.4875
-2.165 0.4875
5.2

IMD2b
4
-2.165 0.4875
5.8551 0.4875
5.8551 0.5025
-2.165 0.5025
4.2

IMD2c
4
-2.165 0.5025
5.8551 0.5025
5.8551 0.5265
-2.165 0.5265
3.28

IMD2d1+IMD2d2
4
-2.165 0.5265
5.8551 0.5265
5.8551 0.6535
-2.165 0.6535
2.65

IMD3a
4
-2.165 0.6535
5.8551 0.6535
5.8551 0.6745
-2.165 0.6745
5.2

IMD3b
4
-2.165 0.6745
5.8551 0.6745
5.8551 0.6895
-2.165 0.6895
4.2

IMD3c
4
-2.165 0.6895
5.8551 0.6895
5.8551 0.7135
-2.165 0.7135
3.28

IMD3d1
5
-2.165 0.7135
5.8551 0.7135
5.8551 0.7315
5.855 0.7315
-2.165 0.7315
2.65

IMD3d1_damage
5
-2.165 0.7315
5.855 0.7315
5.855 0.7415
0 0.7415
-2.165 0.7415
3.1

IMD3d1
4
5.855 0.7315
5.8551 0.7315
5.8551 0.7415
5.855 0.7415
2.65


4
-2.165 0.001
5.8551 0.001
5.8551 0.7415
-2.165 0.7415

