botcenter
4
0 -0.001
0.54 -0.001
0.54 0.001
0 0.001

9
botleft
4
-1.0175 -0.001
0 -0.001
0 0.001
-1.0175 0.001

botright
4
0.54 -0.001
2.705 -0.001
2.705 0.001
0.54 0.001

lEnv
8
-0.51292 0.3705
-0.38708 0.3705
-0.384695 0.3955
-0.383645 0.4065
-0.37792 0.4665
-0.52208 0.4665
-0.516355 0.4065
-0.515305 0.3955

c1
8
-0.06292 0.3705
0.06292 0.3705
0.065305 0.3955
0.066355 0.4065
0.07208 0.4665
-0.07208 0.4665
-0.066355 0.4065
-0.065305 0.3955

c2
8
0.09458 0.3705
0.98542 0.3705
0.987805 0.3955
0.988855 0.4065
0.99458 0.4665
0.08542 0.4665
0.091145 0.4065
0.092195 0.3955

rEnv
8
1.30958 0.3705
2.20042 0.3705
2.202805 0.3955
2.203855 0.4065
2.20958 0.4665
1.30042 0.4665
1.306145 0.4065
1.307195 0.3955

topleft
4
-1.0175 0.7415
0 0.7415
0 0.8405
-1.0175 0.8405

topcenter
4
0 0.7415
0.54 0.7415
0.54 0.8405
0 0.8405

topright
4
0.54 0.7415
2.705 0.7415
2.705 0.8405
0.54 0.8405


27
FOXA+FOXB+TOX
6
-1.0175 0.001
0 0.001
0.54 0.001
2.705 0.001
2.705 0.2665
-1.0175 0.2665
4

ILD1a
4
-1.0175 0.2665
2.705 0.2665
2.705 0.2765
-1.0175 0.2765
7

ILD1b1+ILD1b2
12
-1.0175 0.2765
2.705 0.2765
2.705 0.3705
2.20042 0.3705
1.30958 0.3705
0.98542 0.3705
0.09458 0.3705
0.06292 0.3705
-0.06292 0.3705
-0.38708 0.3705
-0.51292 0.3705
-1.0175 0.3705
4

ILD1b3
4
-1.0175 0.3705
-0.51292 0.3705
-0.515305 0.3955
-1.0175 0.3955
4

ILD1b3
4
-0.38708 0.3705
-0.06292 0.3705
-0.065305 0.3955
-0.384695 0.3955
4

ILD1b3
4
0.06292 0.3705
0.09458 0.3705
0.092195 0.3955
0.065305 0.3955
4

ILD1b3
4
0.98542 0.3705
1.30958 0.3705
1.307195 0.3955
0.987805 0.3955
4

ILD1b3
4
2.20042 0.3705
2.705 0.3705
2.705 0.3955
2.202805 0.3955
4

IMD1a
4
-1.0175 0.3955
-0.515305 0.3955
-0.516355 0.4065
-1.0175 0.4065
5.2

IMD1a
4
-0.384695 0.3955
-0.065305 0.3955
-0.066355 0.4065
-0.383645 0.4065
5.2

IMD1a
4
0.065305 0.3955
0.092195 0.3955
0.091145 0.4065
0.066355 0.4065
5.2

IMD1a
4
0.987805 0.3955
1.307195 0.3955
1.306145 0.4065
0.988855 0.4065
5.2

IMD1a
4
2.202805 0.3955
2.705 0.3955
2.705 0.4065
2.203855 0.4065
5.2

IMD1b
4
-1.0175 0.4065
-0.516355 0.4065
-0.52208 0.4665
-1.0175 0.4665
2.8

IMD1b
4
-0.383645 0.4065
-0.066355 0.4065
-0.07208 0.4665
-0.37792 0.4665
2.8

IMD1b
4
0.066355 0.4065
0.091145 0.4065
0.08542 0.4665
0.07208 0.4665
2.8

IMD1b
4
0.988855 0.4065
1.306145 0.4065
1.30042 0.4665
0.99458 0.4665
2.8

IMD1b
4
2.203855 0.4065
2.705 0.4065
2.705 0.4665
2.20958 0.4665
2.8

IMD2a
12
-1.0175 0.4665
-0.52208 0.4665
-0.37792 0.4665
-0.07208 0.4665
0.07208 0.4665
0.08542 0.4665
0.99458 0.4665
1.30042 0.4665
2.20958 0.4665
2.705 0.4665
2.705 0.4875
-1.0175 0.4875
5.2

IMD2b
4
-1.0175 0.4875
2.705 0.4875
2.705 0.5025
-1.0175 0.5025
4.2

IMD2c
4
-1.0175 0.5025
2.705 0.5025
2.705 0.5265
-1.0175 0.5265
3.28

IMD2d1+IMD2d2
4
-1.0175 0.5265
2.705 0.5265
2.705 0.6535
-1.0175 0.6535
2.65

IMD3a
4
-1.0175 0.6535
2.705 0.6535
2.705 0.6745
-1.0175 0.6745
5.2

IMD3b
4
-1.0175 0.6745
2.705 0.6745
2.705 0.6895
-1.0175 0.6895
4.2

IMD3c
4
-1.0175 0.6895
2.705 0.6895
2.705 0.7135
-1.0175 0.7135
3.28

IMD3d1
4
-1.0175 0.7135
2.705 0.7135
2.705 0.7315
-1.0175 0.7315
2.65

IMD3d1_damage
6
-1.0175 0.7315
2.705 0.7315
2.705 0.7415
0.54 0.7415
0 0.7415
-1.0175 0.7415
3.1


4
-1.0175 0.001
2.705 0.001
2.705 0.7415
-1.0175 0.7415

