botcenter
4
0 -0.001
1.71 -0.001
1.71 0.001
0 0.001

9
botleft
4
-2.165 -0.001
0 -0.001
0 0.001
-2.165 0.001

botright
4
1.71 -0.001
3.875 -0.001
3.875 0.001
1.71 0.001

lEnv
8
-1.66042 0.3705
-0.76958 0.3705
-0.767195 0.3955
-0.766145 0.4065
-0.76042 0.4665
-1.66958 0.4665
-1.663855 0.4065
-1.662805 0.3955

c1
8
-0.44542 0.3705
0.44542 0.3705
0.447805 0.3955
0.448855 0.4065
0.45458 0.4665
-0.45458 0.4665
-0.448855 0.4065
-0.447805 0.3955

c2
8
1.26458 0.3705
2.15542 0.3705
2.157805 0.3955
2.158855 0.4065
2.16458 0.4665
1.25542 0.4665
1.261145 0.4065
1.262195 0.3955

rEnv
8
2.47958 0.3705
3.37042 0.3705
3.372805 0.3955
3.373855 0.4065
3.37958 0.4665
2.47042 0.4665
2.476145 0.4065
2.477195 0.3955

topleft
4
-2.165 0.7415
0 0.7415
0 0.8405
-2.165 0.8405

topcenter
4
0 0.7415
1.71 0.7415
1.71 0.8405
0 0.8405

topright
4
1.71 0.7415
3.875 0.7415
3.875 0.8405
1.71 0.8405


27
FOXA+FOXB+TOX
6
-2.165 0.001
0 0.001
1.71 0.001
3.875 0.001
3.875 0.2665
-2.165 0.2665
4

ILD1a
4
-2.165 0.2665
3.875 0.2665
3.875 0.2765
-2.165 0.2765
7

ILD1b1+ILD1b2
12
-2.165 0.2765
3.875 0.2765
3.875 0.3705
3.37042 0.3705
2.47958 0.3705
2.15542 0.3705
1.26458 0.3705
0.44542 0.3705
-0.44542 0.3705
-0.76958 0.3705
-1.66042 0.3705
-2.165 0.3705
4

ILD1b3
4
-2.165 0.3705
-1.66042 0.3705
-1.662805 0.3955
-2.165 0.3955
4

ILD1b3
4
-0.76958 0.3705
-0.44542 0.3705
-0.447805 0.3955
-0.767195 0.3955
4

ILD1b3
4
0.44542 0.3705
1.26458 0.3705
1.262195 0.3955
0.447805 0.3955
4

ILD1b3
4
2.15542 0.3705
2.47958 0.3705
2.477195 0.3955
2.157805 0.3955
4

ILD1b3
4
3.37042 0.3705
3.875 0.3705
3.875 0.3955
3.372805 0.3955
4

IMD1a
4
-2.165 0.3955
-1.662805 0.3955
-1.663855 0.4065
-2.165 0.4065
5.2

IMD1a
4
-0.767195 0.3955
-0.447805 0.3955
-0.448855 0.4065
-0.766145 0.4065
5.2

IMD1a
4
0.447805 0.3955
1.262195 0.3955
1.261145 0.4065
0.448855 0.4065
5.2

IMD1a
4
2.157805 0.3955
2.477195 0.3955
2.476145 0.4065
2.158855 0.4065
5.2

IMD1a
4
3.372805 0.3955
3.875 0.3955
3.875 0.4065
3.373855 0.4065
5.2

IMD1b
4
-2.165 0.4065
-1.663855 0.4065
-1.66958 0.4665
-2.165 0.4665
2.8

IMD1b
4
-0.766145 0.4065
-0.448855 0.4065
-0.45458 0.4665
-0.76042 0.4665
2.8

IMD1b
4
0.448855 0.4065
1.261145 0.4065
1.25542 0.4665
0.45458 0.4665
2.8

IMD1b
4
2.158855 0.4065
2.476145 0.4065
2.47042 0.4665
2.16458 0.4665
2.8

IMD1b
4
3.373855 0.4065
3.875 0.4065
3.875 0.4665
3.37958 0.4665
2.8

IMD2a
12
-2.165 0.4665
-1.66958 0.4665
-0.76042 0.4665
-0.45458 0.4665
0.45458 0.4665
1.25542 0.4665
2.16458 0.4665
2.47042 0.4665
3.37958 0.4665
3.875 0.4665
3.875 0.4875
-2.165 0.4875
5.2

IMD2b
4
-2.165 0.4875
3.875 0.4875
3.875 0.5025
-2.165 0.5025
4.2

IMD2c
4
-2.165 0.5025
3.875 0.5025
3.875 0.5265
-2.165 0.5265
3.28

IMD2d1+IMD2d2
4
-2.165 0.5265
3.875 0.5265
3.875 0.6535
-2.165 0.6535
2.65

IMD3a
4
-2.165 0.6535
3.875 0.6535
3.875 0.6745
-2.165 0.6745
5.2

IMD3b
4
-2.165 0.6745
3.875 0.6745
3.875 0.6895
-2.165 0.6895
4.2

IMD3c
4
-2.165 0.6895
3.875 0.6895
3.875 0.7135
-2.165 0.7135
3.28

IMD3d1
4
-2.165 0.7135
3.875 0.7135
3.875 0.7315
-2.165 0.7315
2.65

IMD3d1_damage
6
-2.165 0.7315
3.875 0.7315
3.875 0.7415
1.71 0.7415
0 0.7415
-2.165 0.7415
3.1


4
-2.165 0.001
3.875 0.001
3.875 0.7415
-2.165 0.7415

