botcenter
4
0 -0.001
0.7425 -0.001
0.7425 0.001
0 0.001

7
botleft
4
-5.2025 -0.001
0 -0.001
0 0.001
-5.2025 0.001

botright
4
0.7425 -0.001
7.0925 -0.001
7.0925 0.001
0.7425 0.001

c1
8
-0.06292 0.3705
0.06292 0.3705
0.065305 0.3955
0.066355 0.4065
0.07208 0.4665
-0.07208 0.4665
-0.066355 0.4065
-0.065305 0.3955

c2
8
0.29708 0.3705
1.18792 0.3705
1.190305 0.3955
1.191355 0.4065
1.19708 0.4665
0.28792 0.4665
0.293645 0.4065
0.294695 0.3955

topleft
4
-5.2025 0.7415
0 0.7415
0 0.8405
-5.2025 0.8405

topcenter
4
0 0.7415
0.7425 0.7415
0.7425 0.8405
0 0.8405

topright
4
0.7425 0.7415
7.0925 0.7415
7.0925 0.8405
0.7425 0.8405


21
FOXA+FOXB+TOX
6
-5.2025 0.001
0 0.001
0.7425 0.001
7.0925 0.001
7.0925 0.2665
-5.2025 0.2665
4

ILD1a
4
-5.2025 0.2665
7.0925 0.2665
7.0925 0.2765
-5.2025 0.2765
7

ILD1b1+ILD1b2
8
-5.2025 0.2765
7.0925 0.2765
7.0925 0.3705
1.18792 0.3705
0.29708 0.3705
0.06292 0.3705
-0.06292 0.3705
-5.2025 0.3705
4

ILD1b3
4
-5.2025 0.3705
-0.06292 0.3705
-0.065305 0.3955
-5.2025 0.3955
4

ILD1b3
4
0.06292 0.3705
0.29708 0.3705
0.294695 0.3955
0.065305 0.3955
4

ILD1b3
4
1.18792 0.3705
7.0925 0.3705
7.0925 0.3955
1.190305 0.3955
4

IMD1a
4
-5.2025 0.3955
-0.065305 0.3955
-0.066355 0.4065
-5.2025 0.4065
5.2

IMD1a
4
0.065305 0.3955
0.294695 0.3955
0.293645 0.4065
0.066355 0.4065
5.2

IMD1a
4
1.190305 0.3955
7.0925 0.3955
7.0925 0.4065
1.191355 0.4065
5.2

IMD1b
4
-5.2025 0.4065
-0.066355 0.4065
-0.07208 0.4665
-5.2025 0.4665
2.8

IMD1b
4
0.066355 0.4065
0.293645 0.4065
0.28792 0.4665
0.07208 0.4665
2.8

IMD1b
4
1.191355 0.4065
7.0925 0.4065
7.0925 0.4665
1.19708 0.4665
2.8

IMD2a
8
-5.2025 0.4665
-0.07208 0.4665
0.07208 0.4665
0.28792 0.4665
1.19708 0.4665
7.0925 0.4665
7.0925 0.4875
-5.2025 0.4875
5.2

IMD2b
4
-5.2025 0.4875
7.0925 0.4875
7.0925 0.5025
-5.2025 0.5025
4.2

IMD2c
4
-5.2025 0.5025
7.0925 0.5025
7.0925 0.5265
-5.2025 0.5265
3.28

IMD2d1+IMD2d2
4
-5.2025 0.5265
7.0925 0.5265
7.0925 0.6535
-5.2025 0.6535
2.65

IMD3a
4
-5.2025 0.6535
7.0925 0.6535
7.0925 0.6745
-5.2025 0.6745
5.2

IMD3b
4
-5.2025 0.6745
7.0925 0.6745
7.0925 0.6895
-5.2025 0.6895
4.2

IMD3c
4
-5.2025 0.6895
7.0925 0.6895
7.0925 0.7135
-5.2025 0.7135
3.28

IMD3d1
4
-5.2025 0.7135
7.0925 0.7135
7.0925 0.7315
-5.2025 0.7315
2.65

IMD3d1_damage
6
-5.2025 0.7315
7.0925 0.7315
7.0925 0.7415
0.7425 0.7415
0 0.7415
-5.2025 0.7415
3.1


4
-5.2025 0.001
7.0925 0.001
7.0925 0.7415
-5.2025 0.7415

