botcenter
4
0 -0.001
0.495 -0.001
0.495 0.001
0 0.001

7
botleft
4
-5.0675 -0.001
0 -0.001
0 0.001
-5.0675 0.001

botright
4
0.495 -0.001
5.5625 -0.001
5.5625 0.001
0.495 0.001

c1
8
-0.01792 0.3705
0.01792 0.3705
0.020305 0.3955
0.021355 0.4065
0.02708 0.4665
-0.02708 0.4665
-0.021355 0.4065
-0.020305 0.3955

c2
8
0.47708 0.3705
0.51292 0.3705
0.515305 0.3955
0.516355 0.4065
0.52208 0.4665
0.46792 0.4665
0.473645 0.4065
0.474695 0.3955

topleft
4
-5.0675 0.5545
0 0.5545
0 0.6535
-5.0675 0.6535

topcenter
4
0 0.5545
0.495 0.5545
0.495 0.6535
0 0.6535

topright
4
0.495 0.5545
5.5625 0.5545
5.5625 0.6535
0.495 0.6535


17
FOXA+FOXB+TOX
6
-5.0675 0.001
0 0.001
0.495 0.001
5.5625 0.001
5.5625 0.2665
-5.0675 0.2665
4

ILD1a
4
-5.0675 0.2665
5.5625 0.2665
5.5625 0.2765
-5.0675 0.2765
7

ILD1b1+ILD1b2
8
-5.0675 0.2765
5.5625 0.2765
5.5625 0.3705
0.51292 0.3705
0.47708 0.3705
0.01792 0.3705
-0.01792 0.3705
-5.0675 0.3705
4

ILD1b3
4
-5.0675 0.3705
-0.01792 0.3705
-0.020305 0.3955
-5.0675 0.3955
4

ILD1b3
4
0.01792 0.3705
0.47708 0.3705
0.474695 0.3955
0.020305 0.3955
4

ILD1b3
4
0.51292 0.3705
5.5625 0.3705
5.5625 0.3955
0.515305 0.3955
4

IMD1a
4
-5.0675 0.3955
-0.020305 0.3955
-0.021355 0.4065
-5.0675 0.4065
5.2

IMD1a
4
0.020305 0.3955
0.474695 0.3955
0.473645 0.4065
0.021355 0.4065
5.2

IMD1a
4
0.515305 0.3955
5.5625 0.3955
5.5625 0.4065
0.516355 0.4065
5.2

IMD1b
4
-5.0675 0.4065
-0.021355 0.4065
-0.02708 0.4665
-5.0675 0.4665
2.8

IMD1b
4
0.021355 0.4065
0.473645 0.4065
0.46792 0.4665
0.02708 0.4665
2.8

IMD1b
4
0.516355 0.4065
5.5625 0.4065
5.5625 0.4665
0.52208 0.4665
2.8

IMD2a
8
-5.0675 0.4665
-0.02708 0.4665
0.02708 0.4665
0.46792 0.4665
0.52208 0.4665
5.5625 0.4665
5.5625 0.4875
-5.0675 0.4875
5.2

IMD2b
4
-5.0675 0.4875
5.5625 0.4875
5.5625 0.5025
-5.0675 0.5025
4.2

IMD2c
4
-5.0675 0.5025
5.5625 0.5025
5.5625 0.5265
-5.0675 0.5265
3.28

IMD2d1
4
-5.0675 0.5265
5.5625 0.5265
5.5625 0.5445
-5.0675 0.5445
2.65

IMD2d1_damage
6
-5.0675 0.5445
5.5625 0.5445
5.5625 0.5545
0.495 0.5545
0 0.5545
-5.0675 0.5545
3.1


4
-5.0675 0.001
5.5625 0.001
5.5625 0.5545
-5.0675 0.5545

