botcenter
4
0 -0.001
0.6975 -0.001
0.6975 0.001
0 0.001

9
botleft
4
-1.0175 -0.001
0 -0.001
0 0.001
-1.0175 0.001

botright
4
0.6975 -0.001
2.8625 -0.001
2.8625 0.001
0.6975 0.001

lEnv
8
-0.51292 0.3705
-0.38708 0.3705
-0.384695 0.3955
-0.383645 0.4065
-0.37792 0.4665
-0.52208 0.4665
-0.516355 0.4065
-0.515305 0.3955

c1
8
-0.06292 0.3705
0.06292 0.3705
0.065305 0.3955
0.066355 0.4065
0.07208 0.4665
-0.07208 0.4665
-0.066355 0.4065
-0.065305 0.3955

c2
8
0.25208 0.3705
1.14292 0.3705
1.145305 0.3955
1.146355 0.4065
1.15208 0.4665
0.24292 0.4665
0.248645 0.4065
0.249695 0.3955

rEnv
8
1.46708 0.3705
2.35792 0.3705
2.360305 0.3955
2.361355 0.4065
2.36708 0.4665
1.45792 0.4665
1.463645 0.4065
1.464695 0.3955

topleft
4
-1.0175 0.5545
0 0.5545
0 0.6535
-1.0175 0.6535

topcenter
4
0 0.5545
0.6975 0.5545
0.6975 0.6535
0 0.6535

topright
4
0.6975 0.5545
2.8625 0.5545
2.8625 0.6535
0.6975 0.6535


23
FOXA+FOXB+TOX
6
-1.0175 0.001
0 0.001
0.6975 0.001
2.8625 0.001
2.8625 0.2665
-1.0175 0.2665
4

ILD1a
4
-1.0175 0.2665
2.8625 0.2665
2.8625 0.2765
-1.0175 0.2765
7

ILD1b1+ILD1b2
12
-1.0175 0.2765
2.8625 0.2765
2.8625 0.3705
2.35792 0.3705
1.46708 0.3705
1.14292 0.3705
0.25208 0.3705
0.06292 0.3705
-0.06292 0.3705
-0.38708 0.3705
-0.51292 0.3705
-1.0175 0.3705
4

ILD1b3
4
-1.0175 0.3705
-0.51292 0.3705
-0.515305 0.3955
-1.0175 0.3955
4

ILD1b3
4
-0.38708 0.3705
-0.06292 0.3705
-0.065305 0.3955
-0.384695 0.3955
4

ILD1b3
4
0.06292 0.3705
0.25208 0.3705
0.249695 0.3955
0.065305 0.3955
4

ILD1b3
4
1.14292 0.3705
1.46708 0.3705
1.464695 0.3955
1.145305 0.3955
4

ILD1b3
4
2.35792 0.3705
2.8625 0.3705
2.8625 0.3955
2.360305 0.3955
4

IMD1a
4
-1.0175 0.3955
-0.515305 0.3955
-0.516355 0.4065
-1.0175 0.4065
5.2

IMD1a
4
-0.384695 0.3955
-0.065305 0.3955
-0.066355 0.4065
-0.383645 0.4065
5.2

IMD1a
4
0.065305 0.3955
0.249695 0.3955
0.248645 0.4065
0.066355 0.4065
5.2

IMD1a
4
1.145305 0.3955
1.464695 0.3955
1.463645 0.4065
1.146355 0.4065
5.2

IMD1a
4
2.360305 0.3955
2.8625 0.3955
2.8625 0.4065
2.361355 0.4065
5.2

IMD1b
4
-1.0175 0.4065
-0.516355 0.4065
-0.52208 0.4665
-1.0175 0.4665
2.8

IMD1b
4
-0.383645 0.4065
-0.066355 0.4065
-0.07208 0.4665
-0.37792 0.4665
2.8

IMD1b
4
0.066355 0.4065
0.248645 0.4065
0.24292 0.4665
0.07208 0.4665
2.8

IMD1b
4
1.146355 0.4065
1.463645 0.4065
1.45792 0.4665
1.15208 0.4665
2.8

IMD1b
4
2.361355 0.4065
2.8625 0.4065
2.8625 0.4665
2.36708 0.4665
2.8

IMD2a
12
-1.0175 0.4665
-0.52208 0.4665
-0.37792 0.4665
-0.07208 0.4665
0.07208 0.4665
0.24292 0.4665
1.15208 0.4665
1.45792 0.4665
2.36708 0.4665
2.8625 0.4665
2.8625 0.4875
-1.0175 0.4875
5.2

IMD2b
4
-1.0175 0.4875
2.8625 0.4875
2.8625 0.5025
-1.0175 0.5025
4.2

IMD2c
4
-1.0175 0.5025
2.8625 0.5025
2.8625 0.5265
-1.0175 0.5265
3.28

IMD2d1
4
-1.0175 0.5265
2.8625 0.5265
2.8625 0.5445
-1.0175 0.5445
2.65

IMD2d1_damage
6
-1.0175 0.5445
2.8625 0.5445
2.8625 0.5545
0.6975 0.5545
0 0.5545
-1.0175 0.5545
3.1


4
-1.0175 0.001
2.8625 0.001
2.8625 0.5545
-1.0175 0.5545

