c1
8
-0.01792 0.3705
0.01792 0.3705
0.020305 0.3955
0.021355 0.4065
0.02708 0.4665
-0.02708 0.4665
-0.021355 0.4065
-0.020305 0.3955

5
botleft
4
-0.8825 -0.001
0 -0.001
0 0.001
-0.8825 0.001

botright
4
0 -0.001
5.6075 -0.001
5.6075 0.001
0 0.001

lEnv
8
-0.37792 0.3705
-0.34208 0.3705
-0.339695 0.3955
-0.338645 0.4065
-0.33292 0.4665
-0.38708 0.4665
-0.381355 0.4065
-0.380305 0.3955

topleft
4
-0.8825 0.5545
0 0.5545
0 0.6535
-0.8825 0.6535

topright
4
0 0.5545
5.6075 0.5545
5.6075 0.6535
0 0.6535


18
FOXA+FOXB+TOX
6
-0.8825 0.001
0 0.001
5.6075 0.001
5.6076 0.001
5.6076 0.2665
-0.8825 0.2665
4

ILD1a
4
-0.8825 0.2665
5.6076 0.2665
5.6076 0.2765
-0.8825 0.2765
7

ILD1b1+ILD1b2
8
-0.8825 0.2765
5.6076 0.2765
5.6076 0.3705
0.01792 0.3705
-0.01792 0.3705
-0.34208 0.3705
-0.37792 0.3705
-0.8825 0.3705
4

ILD1b3
4
-0.8825 0.3705
-0.37792 0.3705
-0.380305 0.3955
-0.8825 0.3955
4

ILD1b3
4
-0.34208 0.3705
-0.01792 0.3705
-0.020305 0.3955
-0.339695 0.3955
4

ILD1b3
4
0.01792 0.3705
5.6076 0.3705
5.6076 0.3955
0.020305 0.3955
4

IMD1a
4
-0.8825 0.3955
-0.380305 0.3955
-0.381355 0.4065
-0.8825 0.4065
5.2

IMD1a
4
-0.339695 0.3955
-0.020305 0.3955
-0.021355 0.4065
-0.338645 0.4065
5.2

IMD1a
4
0.020305 0.3955
5.6076 0.3955
5.6076 0.4065
0.021355 0.4065
5.2

IMD1b
4
-0.8825 0.4065
-0.381355 0.4065
-0.38708 0.4665
-0.8825 0.4665
2.8

IMD1b
4
-0.338645 0.4065
-0.021355 0.4065
-0.02708 0.4665
-0.33292 0.4665
2.8

IMD1b
4
0.021355 0.4065
5.6076 0.4065
5.6076 0.4665
0.02708 0.4665
2.8

IMD2a
8
-0.8825 0.4665
-0.38708 0.4665
-0.33292 0.4665
-0.02708 0.4665
0.02708 0.4665
5.6076 0.4665
5.6076 0.4875
-0.8825 0.4875
5.2

IMD2b
4
-0.8825 0.4875
5.6076 0.4875
5.6076 0.5025
-0.8825 0.5025
4.2

IMD2c
4
-0.8825 0.5025
5.6076 0.5025
5.6076 0.5265
-0.8825 0.5265
3.28

IMD2d1
5
-0.8825 0.5265
5.6076 0.5265
5.6076 0.5445
5.6075 0.5445
-0.8825 0.5445
2.65

IMD2d1_damage
5
-0.8825 0.5445
5.6075 0.5445
5.6075 0.5545
0 0.5545
-0.8825 0.5545
3.1

IMD2d1
4
5.6075 0.5445
5.6076 0.5445
5.6076 0.5545
5.6075 0.5545
2.65


4
-0.8825 0.001
5.6076 0.001
5.6076 0.5545
-0.8825 0.5545

