botcenter
4
0 -0.001
0.9405 -0.001
0.9405 0.001
0 0.001

7
botleft
4
-6.35 -0.001
0 -0.001
0 0.001
-6.35 0.001

botright
4
0.9405 -0.001
7.2905 -0.001
7.2905 0.001
0.9405 0.001

c1
8
-0.44542 0.3705
0.44542 0.3705
0.447805 0.3955
0.448855 0.4065
0.45458 0.4665
-0.45458 0.4665
-0.448855 0.4065
-0.447805 0.3955

c2
8
0.49508 0.3705
1.38592 0.3705
1.388305 0.3955
1.389355 0.4065
1.39508 0.4665
0.48592 0.4665
0.491645 0.4065
0.492695 0.3955

topleft
4
-6.35 0.5545
0 0.5545
0 0.6535
-6.35 0.6535

topcenter
4
0 0.5545
0.9405 0.5545
0.9405 0.6535
0 0.6535

topright
4
0.9405 0.5545
7.2905 0.5545
7.2905 0.6535
0.9405 0.6535


17
FOXA+FOXB+TOX
6
-6.35 0.001
0 0.001
0.9405 0.001
7.2905 0.001
7.2905 0.2665
-6.35 0.2665
4

ILD1a
4
-6.35 0.2665
7.2905 0.2665
7.2905 0.2765
-6.35 0.2765
7

ILD1b1+ILD1b2
8
-6.35 0.2765
7.2905 0.2765
7.2905 0.3705
1.38592 0.3705
0.49508 0.3705
0.44542 0.3705
-0.44542 0.3705
-6.35 0.3705
4

ILD1b3
4
-6.35 0.3705
-0.44542 0.3705
-0.447805 0.3955
-6.35 0.3955
4

ILD1b3
4
0.44542 0.3705
0.49508 0.3705
0.492695 0.3955
0.447805 0.3955
4

ILD1b3
4
1.38592 0.3705
7.2905 0.3705
7.2905 0.3955
1.388305 0.3955
4

IMD1a
4
-6.35 0.3955
-0.447805 0.3955
-0.448855 0.4065
-6.35 0.4065
5.2

IMD1a
4
0.447805 0.3955
0.492695 0.3955
0.491645 0.4065
0.448855 0.4065
5.2

IMD1a
4
1.388305 0.3955
7.2905 0.3955
7.2905 0.4065
1.389355 0.4065
5.2

IMD1b
4
-6.35 0.4065
-0.448855 0.4065
-0.45458 0.4665
-6.35 0.4665
2.8

IMD1b
4
0.448855 0.4065
0.491645 0.4065
0.48592 0.4665
0.45458 0.4665
2.8

IMD1b
4
1.389355 0.4065
7.2905 0.4065
7.2905 0.4665
1.39508 0.4665
2.8

IMD2a
8
-6.35 0.4665
-0.45458 0.4665
0.45458 0.4665
0.48592 0.4665
1.39508 0.4665
7.2905 0.4665
7.2905 0.4875
-6.35 0.4875
5.2

IMD2b
4
-6.35 0.4875
7.2905 0.4875
7.2905 0.5025
-6.35 0.5025
4.2

IMD2c
4
-6.35 0.5025
7.2905 0.5025
7.2905 0.5265
-6.35 0.5265
3.28

IMD2d1
4
-6.35 0.5265
7.2905 0.5265
7.2905 0.5445
-6.35 0.5445
2.65

IMD2d1_damage
6
-6.35 0.5445
7.2905 0.5445
7.2905 0.5545
0.9405 0.5545
0 0.5545
-6.35 0.5545
3.1


4
-6.35 0.001
7.2905 0.001
7.2905 0.5545
-6.35 0.5545

