botcenter
4
0 -0.001
4.635 -0.001
4.635 0.001
0 0.001

5
botleft
4
-0.7475 -0.001
0 -0.001
0 0.001
-0.7475 0.001

lEnv
8
-0.24292 0.3705
-0.11708 0.3705
-0.114695 0.3955
-0.113645 0.4065
-0.10792 0.4665
-0.25208 0.4665
-0.246355 0.4065
-0.245305 0.3955

c1
8
-0.06292 0.3705
0.06292 0.3705
0.065305 0.3955
0.066355 0.4065
0.07208 0.4665
-0.07208 0.4665
-0.066355 0.4065
-0.065305 0.3955

topleft
4
-0.7475 0.5545
0 0.5545
0 0.6535
-0.7475 0.6535

topcenter
4
0 0.5545
4.635 0.5545
4.635 0.6535
0 0.6535


19
FOXA+FOXB+TOX
7
-0.7476 0.001
-0.7475 0.001
0 0.001
4.635 0.001
5.3825 0.001
5.3825 0.2665
-0.7476 0.2665
4

ILD1a
4
-0.7476 0.2665
5.3825 0.2665
5.3825 0.2765
-0.7476 0.2765
7

ILD1b1+ILD1b2
8
-0.7476 0.2765
5.3825 0.2765
5.3825 0.3705
0.06292 0.3705
-0.06292 0.3705
-0.11708 0.3705
-0.24292 0.3705
-0.7476 0.3705
4

ILD1b3
4
-0.7476 0.3705
-0.24292 0.3705
-0.245305 0.3955
-0.7476 0.3955
4

ILD1b3
4
-0.11708 0.3705
-0.06292 0.3705
-0.065305 0.3955
-0.114695 0.3955
4

ILD1b3
4
0.06292 0.3705
5.3825 0.3705
5.3825 0.3955
0.065305 0.3955
4

IMD1a
4
-0.7476 0.3955
-0.245305 0.3955
-0.246355 0.4065
-0.7476 0.4065
5.2

IMD1a
4
-0.114695 0.3955
-0.065305 0.3955
-0.066355 0.4065
-0.113645 0.4065
5.2

IMD1a
4
0.065305 0.3955
5.3825 0.3955
5.3825 0.4065
0.066355 0.4065
5.2

IMD1b
4
-0.7476 0.4065
-0.246355 0.4065
-0.25208 0.4665
-0.7476 0.4665
2.8

IMD1b
4
-0.113645 0.4065
-0.066355 0.4065
-0.07208 0.4665
-0.10792 0.4665
2.8

IMD1b
4
0.066355 0.4065
5.3825 0.4065
5.3825 0.4665
0.07208 0.4665
2.8

IMD2a
8
-0.7476 0.4665
-0.25208 0.4665
-0.10792 0.4665
-0.07208 0.4665
0.07208 0.4665
5.3825 0.4665
5.3825 0.4875
-0.7476 0.4875
5.2

IMD2b
4
-0.7476 0.4875
5.3825 0.4875
5.3825 0.5025
-0.7476 0.5025
4.2

IMD2c
4
-0.7476 0.5025
5.3825 0.5025
5.3825 0.5265
-0.7476 0.5265
3.28

IMD2d1
6
-0.7476 0.5265
5.3825 0.5265
5.3825 0.5445
4.635 0.5445
-0.7475 0.5445
-0.7476 0.5445
2.65

IMD2d1
4
-0.7476 0.5445
-0.7475 0.5445
-0.7475 0.5545
-0.7476 0.5545
2.65

IMD2d1_damage
5
-0.7475 0.5445
4.635 0.5445
4.635 0.5545
0 0.5545
-0.7475 0.5545
3.1

IMD2d1
4
4.635 0.5445
5.3825 0.5445
5.3825 0.5545
4.635 0.5545
2.65


4
-0.7476 0.001
5.3825 0.001
5.3825 0.5545
-0.7476 0.5545

