c1
8
-0.44542 0.3705
0.44542 0.3705
0.447805 0.3955
0.448855 0.4065
0.45458 0.4665
-0.45458 0.4665
-0.448855 0.4065
-0.447805 0.3955

7
botleft
4
-2.165 -0.001
0 -0.001
0 0.001
-2.165 0.001

botright
4
0 -0.001
1.76 -0.001
1.76 0.001
0 0.001

lEnv
8
-1.66042 0.3705
-0.76958 0.3705
-0.767195 0.3955
-0.766145 0.4065
-0.76042 0.4665
-1.66958 0.4665
-1.663855 0.4065
-1.662805 0.3955

c2
8
0.67958 0.3705
0.80542 0.3705
0.807805 0.3955
0.808855 0.4065
0.81458 0.4665
0.67042 0.4665
0.676145 0.4065
0.677195 0.3955

rEnv
8
1.12958 0.3705
1.25542 0.3705
1.257805 0.3955
1.258855 0.4065
1.26458 0.4665
1.12042 0.4665
1.126145 0.4065
1.127195 0.3955

topleft
4
-2.165 0.5545
0 0.5545
0 0.6535
-2.165 0.6535

topright
4
0 0.5545
1.76 0.5545
1.76 0.6535
0 0.6535


23
FOXA+FOXB+TOX
5
-2.165 0.001
0 0.001
1.76 0.001
1.76 0.2665
-2.165 0.2665
4

ILD1a
4
-2.165 0.2665
1.76 0.2665
1.76 0.2765
-2.165 0.2765
7

ILD1b1+ILD1b2
12
-2.165 0.2765
1.76 0.2765
1.76 0.3705
1.25542 0.3705
1.12958 0.3705
0.80542 0.3705
0.67958 0.3705
0.44542 0.3705
-0.44542 0.3705
-0.76958 0.3705
-1.66042 0.3705
-2.165 0.3705
4

ILD1b3
4
-2.165 0.3705
-1.66042 0.3705
-1.662805 0.3955
-2.165 0.3955
4

ILD1b3
4
-0.76958 0.3705
-0.44542 0.3705
-0.447805 0.3955
-0.767195 0.3955
4

ILD1b3
4
0.44542 0.3705
0.67958 0.3705
0.677195 0.3955
0.447805 0.3955
4

ILD1b3
4
0.80542 0.3705
1.12958 0.3705
1.127195 0.3955
0.807805 0.3955
4

ILD1b3
4
1.25542 0.3705
1.76 0.3705
1.76 0.3955
1.257805 0.3955
4

IMD1a
4
-2.165 0.3955
-1.662805 0.3955
-1.663855 0.4065
-2.165 0.4065
5.2

IMD1a
4
-0.767195 0.3955
-0.447805 0.3955
-0.448855 0.4065
-0.766145 0.4065
5.2

IMD1a
4
0.447805 0.3955
0.677195 0.3955
0.676145 0.4065
0.448855 0.4065
5.2

IMD1a
4
0.807805 0.3955
1.127195 0.3955
1.126145 0.4065
0.808855 0.4065
5.2

IMD1a
4
1.257805 0.3955
1.76 0.3955
1.76 0.4065
1.258855 0.4065
5.2

IMD1b
4
-2.165 0.4065
-1.663855 0.4065
-1.66958 0.4665
-2.165 0.4665
2.8

IMD1b
4
-0.766145 0.4065
-0.448855 0.4065
-0.45458 0.4665
-0.76042 0.4665
2.8

IMD1b
4
0.448855 0.4065
0.676145 0.4065
0.67042 0.4665
0.45458 0.4665
2.8

IMD1b
4
0.808855 0.4065
1.126145 0.4065
1.12042 0.4665
0.81458 0.4665
2.8

IMD1b
4
1.258855 0.4065
1.76 0.4065
1.76 0.4665
1.26458 0.4665
2.8

IMD2a
12
-2.165 0.4665
-1.66958 0.4665
-0.76042 0.4665
-0.45458 0.4665
0.45458 0.4665
0.67042 0.4665
0.81458 0.4665
1.12042 0.4665
1.26458 0.4665
1.76 0.4665
1.76 0.4875
-2.165 0.4875
5.2

IMD2b
4
-2.165 0.4875
1.76 0.4875
1.76 0.5025
-2.165 0.5025
4.2

IMD2c
4
-2.165 0.5025
1.76 0.5025
1.76 0.5265
-2.165 0.5265
3.28

IMD2d1
4
-2.165 0.5265
1.76 0.5265
1.76 0.5445
-2.165 0.5445
2.65

IMD2d1_damage
5
-2.165 0.5445
1.76 0.5445
1.76 0.5545
0 0.5545
-2.165 0.5545
3.1


4
-2.165 0.001
1.76 0.001
1.76 0.5545
-2.165 0.5545

