botcenter
4
0 -0.001
0.558 -0.001
0.558 0.001
0 0.001

7
botleft
4
-6.35 -0.001
0 -0.001
0 0.001
-6.35 0.001

botright
4
0.558 -0.001
5.7605 -0.001
5.7605 0.001
0.558 0.001

c1
8
-0.44542 0.3705
0.44542 0.3705
0.447805 0.3955
0.448855 0.4065
0.45458 0.4665
-0.45458 0.4665
-0.448855 0.4065
-0.447805 0.3955

c2
8
0.49508 0.3705
0.62092 0.3705
0.623305 0.3955
0.624355 0.4065
0.63008 0.4665
0.48592 0.4665
0.491645 0.4065
0.492695 0.3955

topleft
4
-6.35 0.5545
0 0.5545
0 0.6535
-6.35 0.6535

topcenter
4
0 0.5545
0.558 0.5545
0.558 0.6535
0 0.6535

topright
4
0.558 0.5545
5.7605 0.5545
5.7605 0.6535
0.558 0.6535


18
FOXA+FOXB+TOX
7
-6.35 0.001
0 0.001
0.558 0.001
5.7605 0.001
5.7606 0.001
5.7606 0.2665
-6.35 0.2665
4

ILD1a
4
-6.35 0.2665
5.7606 0.2665
5.7606 0.2765
-6.35 0.2765
7

ILD1b1+ILD1b2
8
-6.35 0.2765
5.7606 0.2765
5.7606 0.3705
0.62092 0.3705
0.49508 0.3705
0.44542 0.3705
-0.44542 0.3705
-6.35 0.3705
4

ILD1b3
4
-6.35 0.3705
-0.44542 0.3705
-0.447805 0.3955
-6.35 0.3955
4

ILD1b3
4
0.44542 0.3705
0.49508 0.3705
0.492695 0.3955
0.447805 0.3955
4

ILD1b3
4
0.62092 0.3705
5.7606 0.3705
5.7606 0.3955
0.623305 0.3955
4

IMD1a
4
-6.35 0.3955
-0.447805 0.3955
-0.448855 0.4065
-6.35 0.4065
5.2

IMD1a
4
0.447805 0.3955
0.492695 0.3955
0.491645 0.4065
0.448855 0.4065
5.2

IMD1a
4
0.623305 0.3955
5.7606 0.3955
5.7606 0.4065
0.624355 0.4065
5.2

IMD1b
4
-6.35 0.4065
-0.448855 0.4065
-0.45458 0.4665
-6.35 0.4665
2.8

IMD1b
4
0.448855 0.4065
0.491645 0.4065
0.48592 0.4665
0.45458 0.4665
2.8

IMD1b
4
0.624355 0.4065
5.7606 0.4065
5.7606 0.4665
0.63008 0.4665
2.8

IMD2a
8
-6.35 0.4665
-0.45458 0.4665
0.45458 0.4665
0.48592 0.4665
0.63008 0.4665
5.7606 0.4665
5.7606 0.4875
-6.35 0.4875
5.2

IMD2b
4
-6.35 0.4875
5.7606 0.4875
5.7606 0.5025
-6.35 0.5025
4.2

IMD2c
4
-6.35 0.5025
5.7606 0.5025
5.7606 0.5265
-6.35 0.5265
3.28

IMD2d1
5
-6.35 0.5265
5.7606 0.5265
5.7606 0.5445
5.7605 0.5445
-6.35 0.5445
2.65

IMD2d1_damage
6
-6.35 0.5445
5.7605 0.5445
5.7605 0.5545
0.558 0.5545
0 0.5545
-6.35 0.5545
3.1

IMD2d1
4
5.7605 0.5445
5.7606 0.5445
5.7606 0.5545
5.7605 0.5545
2.65


4
-6.35 0.001
5.7606 0.001
5.7606 0.5545
-6.35 0.5545

