botcenter
4
0 -0.001
0.225 -0.001
0.225 0.001
0 0.001

9
botleft
4
-1.0175 -0.001
0 -0.001
0 0.001
-1.0175 0.001

botright
4
0.225 -0.001
1.2425 -0.001
1.2425 0.001
0.225 0.001

lEnv
8
-0.51292 0.3705
-0.38708 0.3705
-0.384695 0.3955
-0.383645 0.4065
-0.37792 0.4665
-0.52208 0.4665
-0.516355 0.4065
-0.515305 0.3955

c1
8
-0.06292 0.3705
0.06292 0.3705
0.065305 0.3955
0.066355 0.4065
0.07208 0.4665
-0.07208 0.4665
-0.066355 0.4065
-0.065305 0.3955

c2
8
0.16208 0.3705
0.28792 0.3705
0.290305 0.3955
0.291355 0.4065
0.29708 0.4665
0.15292 0.4665
0.158645 0.4065
0.159695 0.3955

rEnv
8
0.61208 0.3705
0.73792 0.3705
0.740305 0.3955
0.741355 0.4065
0.74708 0.4665
0.60292 0.4665
0.608645 0.4065
0.609695 0.3955

topleft
4
-1.0175 0.5545
0 0.5545
0 0.6535
-1.0175 0.6535

topcenter
4
0 0.5545
0.225 0.5545
0.225 0.6535
0 0.6535

topright
4
0.225 0.5545
1.2425 0.5545
1.2425 0.6535
0.225 0.6535


23
FOXA+FOXB+TOX
6
-1.0175 0.001
0 0.001
0.225 0.001
1.2425 0.001
1.2425 0.2665
-1.0175 0.2665
4

ILD1a
4
-1.0175 0.2665
1.2425 0.2665
1.2425 0.2765
-1.0175 0.2765
7

ILD1b1+ILD1b2
12
-1.0175 0.2765
1.2425 0.2765
1.2425 0.3705
0.73792 0.3705
0.61208 0.3705
0.28792 0.3705
0.16208 0.3705
0.06292 0.3705
-0.06292 0.3705
-0.38708 0.3705
-0.51292 0.3705
-1.0175 0.3705
4

ILD1b3
4
-1.0175 0.3705
-0.51292 0.3705
-0.515305 0.3955
-1.0175 0.3955
4

ILD1b3
4
-0.38708 0.3705
-0.06292 0.3705
-0.065305 0.3955
-0.384695 0.3955
4

ILD1b3
4
0.06292 0.3705
0.16208 0.3705
0.159695 0.3955
0.065305 0.3955
4

ILD1b3
4
0.28792 0.3705
0.61208 0.3705
0.609695 0.3955
0.290305 0.3955
4

ILD1b3
4
0.73792 0.3705
1.2425 0.3705
1.2425 0.3955
0.740305 0.3955
4

IMD1a
4
-1.0175 0.3955
-0.515305 0.3955
-0.516355 0.4065
-1.0175 0.4065
5.2

IMD1a
4
-0.384695 0.3955
-0.065305 0.3955
-0.066355 0.4065
-0.383645 0.4065
5.2

IMD1a
4
0.065305 0.3955
0.159695 0.3955
0.158645 0.4065
0.066355 0.4065
5.2

IMD1a
4
0.290305 0.3955
0.609695 0.3955
0.608645 0.4065
0.291355 0.4065
5.2

IMD1a
4
0.740305 0.3955
1.2425 0.3955
1.2425 0.4065
0.741355 0.4065
5.2

IMD1b
4
-1.0175 0.4065
-0.516355 0.4065
-0.52208 0.4665
-1.0175 0.4665
2.8

IMD1b
4
-0.383645 0.4065
-0.066355 0.4065
-0.07208 0.4665
-0.37792 0.4665
2.8

IMD1b
4
0.066355 0.4065
0.158645 0.4065
0.15292 0.4665
0.07208 0.4665
2.8

IMD1b
4
0.291355 0.4065
0.608645 0.4065
0.60292 0.4665
0.29708 0.4665
2.8

IMD1b
4
0.741355 0.4065
1.2425 0.4065
1.2425 0.4665
0.74708 0.4665
2.8

IMD2a
12
-1.0175 0.4665
-0.52208 0.4665
-0.37792 0.4665
-0.07208 0.4665
0.07208 0.4665
0.15292 0.4665
0.29708 0.4665
0.60292 0.4665
0.74708 0.4665
1.2425 0.4665
1.2425 0.4875
-1.0175 0.4875
5.2

IMD2b
4
-1.0175 0.4875
1.2425 0.4875
1.2425 0.5025
-1.0175 0.5025
4.2

IMD2c
4
-1.0175 0.5025
1.2425 0.5025
1.2425 0.5265
-1.0175 0.5265
3.28

IMD2d1
4
-1.0175 0.5265
1.2425 0.5265
1.2425 0.5445
-1.0175 0.5445
2.65

IMD2d1_damage
6
-1.0175 0.5445
1.2425 0.5445
1.2425 0.5545
0.225 0.5545
0 0.5545
-1.0175 0.5545
3.1


4
-1.0175 0.001
1.2425 0.001
1.2425 0.5545
-1.0175 0.5545

