c1
8
-0.06292 0.3705
0.06292 0.3705
0.065305 0.3955
0.066355 0.4065
0.07208 0.4665
-0.07208 0.4665
-0.066355 0.4065
-0.065305 0.3955

5
botleft
4
-0.7475 -0.001
0 -0.001
0 0.001
-0.7475 0.001

botright
4
0 -0.001
6.9125 -0.001
6.9125 0.001
0 0.001

lEnv
8
-0.24292 0.3705
-0.11708 0.3705
-0.114695 0.3955
-0.113645 0.4065
-0.10792 0.4665
-0.25208 0.4665
-0.246355 0.4065
-0.245305 0.3955

topleft
4
-0.7475 0.5545
0 0.5545
0 0.6535
-0.7475 0.6535

topright
4
0 0.5545
6.9125 0.5545
6.9125 0.6535
0 0.6535


18
FOXA+FOXB+TOX
6
-0.7476 0.001
-0.7475 0.001
0 0.001
6.9125 0.001
6.9125 0.2665
-0.7476 0.2665
4

ILD1a
4
-0.7476 0.2665
6.9125 0.2665
6.9125 0.2765
-0.7476 0.2765
7

ILD1b1+ILD1b2
8
-0.7476 0.2765
6.9125 0.2765
6.9125 0.3705
0.06292 0.3705
-0.06292 0.3705
-0.11708 0.3705
-0.24292 0.3705
-0.7476 0.3705
4

ILD1b3
4
-0.7476 0.3705
-0.24292 0.3705
-0.245305 0.3955
-0.7476 0.3955
4

ILD1b3
4
-0.11708 0.3705
-0.06292 0.3705
-0.065305 0.3955
-0.114695 0.3955
4

ILD1b3
4
0.06292 0.3705
6.9125 0.3705
6.9125 0.3955
0.065305 0.3955
4

IMD1a
4
-0.7476 0.3955
-0.245305 0.3955
-0.246355 0.4065
-0.7476 0.4065
5.2

IMD1a
4
-0.114695 0.3955
-0.065305 0.3955
-0.066355 0.4065
-0.113645 0.4065
5.2

IMD1a
4
0.065305 0.3955
6.9125 0.3955
6.9125 0.4065
0.066355 0.4065
5.2

IMD1b
4
-0.7476 0.4065
-0.246355 0.4065
-0.25208 0.4665
-0.7476 0.4665
2.8

IMD1b
4
-0.113645 0.4065
-0.066355 0.4065
-0.07208 0.4665
-0.10792 0.4665
2.8

IMD1b
4
0.066355 0.4065
6.9125 0.4065
6.9125 0.4665
0.07208 0.4665
2.8

IMD2a
8
-0.7476 0.4665
-0.25208 0.4665
-0.10792 0.4665
-0.07208 0.4665
0.07208 0.4665
6.9125 0.4665
6.9125 0.4875
-0.7476 0.4875
5.2

IMD2b
4
-0.7476 0.4875
6.9125 0.4875
6.9125 0.5025
-0.7476 0.5025
4.2

IMD2c
4
-0.7476 0.5025
6.9125 0.5025
6.9125 0.5265
-0.7476 0.5265
3.28

IMD2d1
5
-0.7476 0.5265
6.9125 0.5265
6.9125 0.5445
-0.7475 0.5445
-0.7476 0.5445
2.65

IMD2d1
4
-0.7476 0.5445
-0.7475 0.5445
-0.7475 0.5545
-0.7476 0.5545
2.65

IMD2d1_damage
5
-0.7475 0.5445
6.9125 0.5445
6.9125 0.5545
0 0.5545
-0.7475 0.5545
3.1


4
-0.7476 0.001
6.9125 0.001
6.9125 0.5545
-0.7476 0.5545

