botcenter
4
0 -0.001
0.5625 -0.001
0.5625 0.001
0 0.001

9
botleft
4
-0.7475 -0.001
0 -0.001
0 0.001
-0.7475 0.001

botright
4
0.5625 -0.001
2.4575 -0.001
2.4575 0.001
0.5625 0.001

lEnv
8
-0.24292 0.3705
-0.11708 0.3705
-0.114695 0.3955
-0.113645 0.4065
-0.10792 0.4665
-0.25208 0.4665
-0.246355 0.4065
-0.245305 0.3955

c1
8
-0.06292 0.3705
0.06292 0.3705
0.065305 0.3955
0.066355 0.4065
0.07208 0.4665
-0.07208 0.4665
-0.066355 0.4065
-0.065305 0.3955

c2
8
0.11708 0.3705
1.00792 0.3705
1.010305 0.3955
1.011355 0.4065
1.01708 0.4665
0.10792 0.4665
0.113645 0.4065
0.114695 0.3955

rEnv
8
1.06208 0.3705
1.95292 0.3705
1.955305 0.3955
1.956355 0.4065
1.96208 0.4665
1.05292 0.4665
1.058645 0.4065
1.059695 0.3955

topleft
4
-0.7475 0.5545
0 0.5545
0 0.6535
-0.7475 0.6535

topcenter
4
0 0.5545
0.5625 0.5545
0.5625 0.6535
0 0.6535

topright
4
0.5625 0.5545
2.4575 0.5545
2.4575 0.6535
0.5625 0.6535


24
FOXA+FOXB+TOX
7
-0.7476 0.001
-0.7475 0.001
0 0.001
0.5625 0.001
2.4575 0.001
2.4575 0.2665
-0.7476 0.2665
4

ILD1a
4
-0.7476 0.2665
2.4575 0.2665
2.4575 0.2765
-0.7476 0.2765
7

ILD1b1+ILD1b2
12
-0.7476 0.2765
2.4575 0.2765
2.4575 0.3705
1.95292 0.3705
1.06208 0.3705
1.00792 0.3705
0.11708 0.3705
0.06292 0.3705
-0.06292 0.3705
-0.11708 0.3705
-0.24292 0.3705
-0.7476 0.3705
4

ILD1b3
4
-0.7476 0.3705
-0.24292 0.3705
-0.245305 0.3955
-0.7476 0.3955
4

ILD1b3
4
-0.11708 0.3705
-0.06292 0.3705
-0.065305 0.3955
-0.114695 0.3955
4

ILD1b3
4
0.06292 0.3705
0.11708 0.3705
0.114695 0.3955
0.065305 0.3955
4

ILD1b3
4
1.00792 0.3705
1.06208 0.3705
1.059695 0.3955
1.010305 0.3955
4

ILD1b3
4
1.95292 0.3705
2.4575 0.3705
2.4575 0.3955
1.955305 0.3955
4

IMD1a
4
-0.7476 0.3955
-0.245305 0.3955
-0.246355 0.4065
-0.7476 0.4065
5.2

IMD1a
4
-0.114695 0.3955
-0.065305 0.3955
-0.066355 0.4065
-0.113645 0.4065
5.2

IMD1a
4
0.065305 0.3955
0.114695 0.3955
0.113645 0.4065
0.066355 0.4065
5.2

IMD1a
4
1.010305 0.3955
1.059695 0.3955
1.058645 0.4065
1.011355 0.4065
5.2

IMD1a
4
1.955305 0.3955
2.4575 0.3955
2.4575 0.4065
1.956355 0.4065
5.2

IMD1b
4
-0.7476 0.4065
-0.246355 0.4065
-0.25208 0.4665
-0.7476 0.4665
2.8

IMD1b
4
-0.113645 0.4065
-0.066355 0.4065
-0.07208 0.4665
-0.10792 0.4665
2.8

IMD1b
4
0.066355 0.4065
0.113645 0.4065
0.10792 0.4665
0.07208 0.4665
2.8

IMD1b
4
1.011355 0.4065
1.058645 0.4065
1.05292 0.4665
1.01708 0.4665
2.8

IMD1b
4
1.956355 0.4065
2.4575 0.4065
2.4575 0.4665
1.96208 0.4665
2.8

IMD2a
12
-0.7476 0.4665
-0.25208 0.4665
-0.10792 0.4665
-0.07208 0.4665
0.07208 0.4665
0.10792 0.4665
1.01708 0.4665
1.05292 0.4665
1.96208 0.4665
2.4575 0.4665
2.4575 0.4875
-0.7476 0.4875
5.2

IMD2b
4
-0.7476 0.4875
2.4575 0.4875
2.4575 0.5025
-0.7476 0.5025
4.2

IMD2c
4
-0.7476 0.5025
2.4575 0.5025
2.4575 0.5265
-0.7476 0.5265
3.28

IMD2d1
5
-0.7476 0.5265
2.4575 0.5265
2.4575 0.5445
-0.7475 0.5445
-0.7476 0.5445
2.65

IMD2d1
4
-0.7476 0.5445
-0.7475 0.5445
-0.7475 0.5545
-0.7476 0.5545
2.65

IMD2d1_damage
6
-0.7475 0.5445
2.4575 0.5445
2.4575 0.5545
0.5625 0.5545
0 0.5545
-0.7475 0.5545
3.1


4
-0.7476 0.001
2.4575 0.001
2.4575 0.5545
-0.7476 0.5545

