c1
8
-0.06292 0.3705
0.06292 0.3705
0.065305 0.3955
0.066355 0.4065
0.07208 0.4665
-0.07208 0.4665
-0.066355 0.4065
-0.065305 0.3955

5
botleft
4
-5.2025 -0.001
0 -0.001
0 0.001
-5.2025 0.001

botright
4
0 -0.001
5.2475 -0.001
5.2475 0.001
0 0.001

c2
8
0.16208 0.3705
0.19792 0.3705
0.200305 0.3955
0.201355 0.4065
0.20708 0.4665
0.15292 0.4665
0.158645 0.4065
0.159695 0.3955

topleft
4
-5.2025 0.5545
0 0.5545
0 0.6535
-5.2025 0.6535

topright
4
0 0.5545
5.2475 0.5545
5.2475 0.6535
0 0.6535


17
FOXA+FOXB+TOX
5
-5.2025 0.001
0 0.001
5.2475 0.001
5.2475 0.2665
-5.2025 0.2665
4

ILD1a
4
-5.2025 0.2665
5.2475 0.2665
5.2475 0.2765
-5.2025 0.2765
7

ILD1b1+ILD1b2
8
-5.2025 0.2765
5.2475 0.2765
5.2475 0.3705
0.19792 0.3705
0.16208 0.3705
0.06292 0.3705
-0.06292 0.3705
-5.2025 0.3705
4

ILD1b3
4
-5.2025 0.3705
-0.06292 0.3705
-0.065305 0.3955
-5.2025 0.3955
4

ILD1b3
4
0.06292 0.3705
0.16208 0.3705
0.159695 0.3955
0.065305 0.3955
4

ILD1b3
4
0.19792 0.3705
5.2475 0.3705
5.2475 0.3955
0.200305 0.3955
4

IMD1a
4
-5.2025 0.3955
-0.065305 0.3955
-0.066355 0.4065
-5.2025 0.4065
5.2

IMD1a
4
0.065305 0.3955
0.159695 0.3955
0.158645 0.4065
0.066355 0.4065
5.2

IMD1a
4
0.200305 0.3955
5.2475 0.3955
5.2475 0.4065
0.201355 0.4065
5.2

IMD1b
4
-5.2025 0.4065
-0.066355 0.4065
-0.07208 0.4665
-5.2025 0.4665
2.8

IMD1b
4
0.066355 0.4065
0.158645 0.4065
0.15292 0.4665
0.07208 0.4665
2.8

IMD1b
4
0.201355 0.4065
5.2475 0.4065
5.2475 0.4665
0.20708 0.4665
2.8

IMD2a
8
-5.2025 0.4665
-0.07208 0.4665
0.07208 0.4665
0.15292 0.4665
0.20708 0.4665
5.2475 0.4665
5.2475 0.4875
-5.2025 0.4875
5.2

IMD2b
4
-5.2025 0.4875
5.2475 0.4875
5.2475 0.5025
-5.2025 0.5025
4.2

IMD2c
4
-5.2025 0.5025
5.2475 0.5025
5.2475 0.5265
-5.2025 0.5265
3.28

IMD2d1
4
-5.2025 0.5265
5.2475 0.5265
5.2475 0.5445
-5.2025 0.5445
2.65

IMD2d1_damage
5
-5.2025 0.5445
5.2475 0.5445
5.2475 0.5545
0 0.5545
-5.2025 0.5545
3.1


4
-5.2025 0.001
5.2475 0.001
5.2475 0.5545
-5.2025 0.5545

