botcenter
4
0 -0.001
1.08 -0.001
1.08 0.001
0 0.001

7
botleft
4
-6.35 -0.001
0 -0.001
0 0.001
-6.35 0.001

botright
4
1.08 -0.001
7.43 -0.001
7.43 0.001
1.08 0.001

c1
8
-0.44542 0.3705
0.44542 0.3705
0.447805 0.3955
0.448855 0.4065
0.45458 0.4665
-0.45458 0.4665
-0.448855 0.4065
-0.447805 0.3955

c2
8
0.63458 0.3705
1.52542 0.3705
1.527805 0.3955
1.528855 0.4065
1.53458 0.4665
0.62542 0.4665
0.631145 0.4065
0.632195 0.3955

topleft
4
-6.35 0.5545
0 0.5545
0 0.6535
-6.35 0.6535

topcenter
4
0 0.5545
1.08 0.5545
1.08 0.6535
0 0.6535

topright
4
1.08 0.5545
7.43 0.5545
7.43 0.6535
1.08 0.6535


17
FOXA+FOXB+TOX
6
-6.35 0.001
0 0.001
1.08 0.001
7.43 0.001
7.43 0.2665
-6.35 0.2665
4

ILD1a
4
-6.35 0.2665
7.43 0.2665
7.43 0.2765
-6.35 0.2765
7

ILD1b1+ILD1b2
8
-6.35 0.2765
7.43 0.2765
7.43 0.3705
1.52542 0.3705
0.63458 0.3705
0.44542 0.3705
-0.44542 0.3705
-6.35 0.3705
4

ILD1b3
4
-6.35 0.3705
-0.44542 0.3705
-0.447805 0.3955
-6.35 0.3955
4

ILD1b3
4
0.44542 0.3705
0.63458 0.3705
0.632195 0.3955
0.447805 0.3955
4

ILD1b3
4
1.52542 0.3705
7.43 0.3705
7.43 0.3955
1.527805 0.3955
4

IMD1a
4
-6.35 0.3955
-0.447805 0.3955
-0.448855 0.4065
-6.35 0.4065
5.2

IMD1a
4
0.447805 0.3955
0.632195 0.3955
0.631145 0.4065
0.448855 0.4065
5.2

IMD1a
4
1.527805 0.3955
7.43 0.3955
7.43 0.4065
1.528855 0.4065
5.2

IMD1b
4
-6.35 0.4065
-0.448855 0.4065
-0.45458 0.4665
-6.35 0.4665
2.8

IMD1b
4
0.448855 0.4065
0.631145 0.4065
0.62542 0.4665
0.45458 0.4665
2.8

IMD1b
4
1.528855 0.4065
7.43 0.4065
7.43 0.4665
1.53458 0.4665
2.8

IMD2a
8
-6.35 0.4665
-0.45458 0.4665
0.45458 0.4665
0.62542 0.4665
1.53458 0.4665
7.43 0.4665
7.43 0.4875
-6.35 0.4875
5.2

IMD2b
4
-6.35 0.4875
7.43 0.4875
7.43 0.5025
-6.35 0.5025
4.2

IMD2c
4
-6.35 0.5025
7.43 0.5025
7.43 0.5265
-6.35 0.5265
3.28

IMD2d1
4
-6.35 0.5265
7.43 0.5265
7.43 0.5445
-6.35 0.5445
2.65

IMD2d1_damage
6
-6.35 0.5445
7.43 0.5445
7.43 0.5545
1.08 0.5545
0 0.5545
-6.35 0.5545
3.1


4
-6.35 0.001
7.43 0.001
7.43 0.5545
-6.35 0.5545

