c1
8
-0.01792 0.3705
0.01792 0.3705
0.020305 0.3955
0.021355 0.4065
0.02708 0.4665
-0.02708 0.4665
-0.021355 0.4065
-0.020305 0.3955

5
botleft
4
-5.0675 -0.001
0 -0.001
0 0.001
-5.0675 0.001

botright
4
0 -0.001
6.863 -0.001
6.863 0.001
0 0.001

c2
8
0.06758 0.3705
0.95842 0.3705
0.960805 0.3955
0.961855 0.4065
0.96758 0.4665
0.05842 0.4665
0.064145 0.4065
0.065195 0.3955

topleft
4
-5.0675 0.5545
0 0.5545
0 0.6535
-5.0675 0.6535

topright
4
0 0.5545
6.863 0.5545
6.863 0.6535
0 0.6535


17
FOXA+FOXB+TOX
5
-5.0675 0.001
0 0.001
6.863 0.001
6.863 0.2665
-5.0675 0.2665
4

ILD1a
4
-5.0675 0.2665
6.863 0.2665
6.863 0.2765
-5.0675 0.2765
7

ILD1b1+ILD1b2
8
-5.0675 0.2765
6.863 0.2765
6.863 0.3705
0.95842 0.3705
0.06758 0.3705
0.01792 0.3705
-0.01792 0.3705
-5.0675 0.3705
4

ILD1b3
4
-5.0675 0.3705
-0.01792 0.3705
-0.020305 0.3955
-5.0675 0.3955
4

ILD1b3
4
0.01792 0.3705
0.06758 0.3705
0.065195 0.3955
0.020305 0.3955
4

ILD1b3
4
0.95842 0.3705
6.863 0.3705
6.863 0.3955
0.960805 0.3955
4

IMD1a
4
-5.0675 0.3955
-0.020305 0.3955
-0.021355 0.4065
-5.0675 0.4065
5.2

IMD1a
4
0.020305 0.3955
0.065195 0.3955
0.064145 0.4065
0.021355 0.4065
5.2

IMD1a
4
0.960805 0.3955
6.863 0.3955
6.863 0.4065
0.961855 0.4065
5.2

IMD1b
4
-5.0675 0.4065
-0.021355 0.4065
-0.02708 0.4665
-5.0675 0.4665
2.8

IMD1b
4
0.021355 0.4065
0.064145 0.4065
0.05842 0.4665
0.02708 0.4665
2.8

IMD1b
4
0.961855 0.4065
6.863 0.4065
6.863 0.4665
0.96758 0.4665
2.8

IMD2a
8
-5.0675 0.4665
-0.02708 0.4665
0.02708 0.4665
0.05842 0.4665
0.96758 0.4665
6.863 0.4665
6.863 0.4875
-5.0675 0.4875
5.2

IMD2b
4
-5.0675 0.4875
6.863 0.4875
6.863 0.5025
-5.0675 0.5025
4.2

IMD2c
4
-5.0675 0.5025
6.863 0.5025
6.863 0.5265
-5.0675 0.5265
3.28

IMD2d1
4
-5.0675 0.5265
6.863 0.5265
6.863 0.5445
-5.0675 0.5445
2.65

IMD2d1_damage
5
-5.0675 0.5445
6.863 0.5445
6.863 0.5545
0 0.5545
-5.0675 0.5545
3.1


4
-5.0675 0.001
6.863 0.001
6.863 0.5545
-5.0675 0.5545

