c1
8
-0.01792 0.3705
0.01792 0.3705
0.020305 0.3955
0.021355 0.4065
0.02708 0.4665
-0.02708 0.4665
-0.021355 0.4065
-0.020305 0.3955

7
botleft
4
-0.8825 -0.001
0 -0.001
0 0.001
-0.8825 0.001

botright
4
0 -0.001
1.0175 -0.001
1.0175 0.001
0 0.001

lEnv
8
-0.37792 0.3705
-0.34208 0.3705
-0.339695 0.3955
-0.338645 0.4065
-0.33292 0.4665
-0.38708 0.4665
-0.381355 0.4065
-0.380305 0.3955

c2
8
0.11708 0.3705
0.15292 0.3705
0.155305 0.3955
0.156355 0.4065
0.16208 0.4665
0.10792 0.4665
0.113645 0.4065
0.114695 0.3955

rEnv
8
0.47708 0.3705
0.51292 0.3705
0.515305 0.3955
0.516355 0.4065
0.52208 0.4665
0.46792 0.4665
0.473645 0.4065
0.474695 0.3955

topleft
4
-0.8825 0.5545
0 0.5545
0 0.6535
-0.8825 0.6535

topright
4
0 0.5545
1.0175 0.5545
1.0175 0.6535
0 0.6535


23
FOXA+FOXB+TOX
5
-0.8825 0.001
0 0.001
1.0175 0.001
1.0175 0.2665
-0.8825 0.2665
4

ILD1a
4
-0.8825 0.2665
1.0175 0.2665
1.0175 0.2765
-0.8825 0.2765
7

ILD1b1+ILD1b2
12
-0.8825 0.2765
1.0175 0.2765
1.0175 0.3705
0.51292 0.3705
0.47708 0.3705
0.15292 0.3705
0.11708 0.3705
0.01792 0.3705
-0.01792 0.3705
-0.34208 0.3705
-0.37792 0.3705
-0.8825 0.3705
4

ILD1b3
4
-0.8825 0.3705
-0.37792 0.3705
-0.380305 0.3955
-0.8825 0.3955
4

ILD1b3
4
-0.34208 0.3705
-0.01792 0.3705
-0.020305 0.3955
-0.339695 0.3955
4

ILD1b3
4
0.01792 0.3705
0.11708 0.3705
0.114695 0.3955
0.020305 0.3955
4

ILD1b3
4
0.15292 0.3705
0.47708 0.3705
0.474695 0.3955
0.155305 0.3955
4

ILD1b3
4
0.51292 0.3705
1.0175 0.3705
1.0175 0.3955
0.515305 0.3955
4

IMD1a
4
-0.8825 0.3955
-0.380305 0.3955
-0.381355 0.4065
-0.8825 0.4065
5.2

IMD1a
4
-0.339695 0.3955
-0.020305 0.3955
-0.021355 0.4065
-0.338645 0.4065
5.2

IMD1a
4
0.020305 0.3955
0.114695 0.3955
0.113645 0.4065
0.021355 0.4065
5.2

IMD1a
4
0.155305 0.3955
0.474695 0.3955
0.473645 0.4065
0.156355 0.4065
5.2

IMD1a
4
0.515305 0.3955
1.0175 0.3955
1.0175 0.4065
0.516355 0.4065
5.2

IMD1b
4
-0.8825 0.4065
-0.381355 0.4065
-0.38708 0.4665
-0.8825 0.4665
2.8

IMD1b
4
-0.338645 0.4065
-0.021355 0.4065
-0.02708 0.4665
-0.33292 0.4665
2.8

IMD1b
4
0.021355 0.4065
0.113645 0.4065
0.10792 0.4665
0.02708 0.4665
2.8

IMD1b
4
0.156355 0.4065
0.473645 0.4065
0.46792 0.4665
0.16208 0.4665
2.8

IMD1b
4
0.516355 0.4065
1.0175 0.4065
1.0175 0.4665
0.52208 0.4665
2.8

IMD2a
12
-0.8825 0.4665
-0.38708 0.4665
-0.33292 0.4665
-0.02708 0.4665
0.02708 0.4665
0.10792 0.4665
0.16208 0.4665
0.46792 0.4665
0.52208 0.4665
1.0175 0.4665
1.0175 0.4875
-0.8825 0.4875
5.2

IMD2b
4
-0.8825 0.4875
1.0175 0.4875
1.0175 0.5025
-0.8825 0.5025
4.2

IMD2c
4
-0.8825 0.5025
1.0175 0.5025
1.0175 0.5265
-0.8825 0.5265
3.28

IMD2d1
4
-0.8825 0.5265
1.0175 0.5265
1.0175 0.5445
-0.8825 0.5445
2.65

IMD2d1_damage
5
-0.8825 0.5445
1.0175 0.5445
1.0175 0.5545
0 0.5545
-0.8825 0.5545
3.1


4
-0.8825 0.001
1.0175 0.001
1.0175 0.5545
-0.8825 0.5545

