botcenter
4
0 -0.001
1.035 -0.001
1.035 0.001
0 0.001

9
botleft
4
-1.895 -0.001
0 -0.001
0 0.001
-1.895 0.001

botright
4
1.035 -0.001
2.93 -0.001
2.93 0.001
1.035 0.001

lEnv
8
-1.39042 0.3705
-0.49958 0.3705
-0.497195 0.3955
-0.496145 0.4065
-0.49042 0.4665
-1.39958 0.4665
-1.393855 0.4065
-1.392805 0.3955

c1
8
-0.44542 0.3705
0.44542 0.3705
0.447805 0.3955
0.448855 0.4065
0.45458 0.4665
-0.45458 0.4665
-0.448855 0.4065
-0.447805 0.3955

c2
8
0.58958 0.3705
1.48042 0.3705
1.482805 0.3955
1.483855 0.4065
1.48958 0.4665
0.58042 0.4665
0.586145 0.4065
0.587195 0.3955

rEnv
8
1.53458 0.3705
2.42542 0.3705
2.427805 0.3955
2.428855 0.4065
2.43458 0.4665
1.52542 0.4665
1.531145 0.4065
1.532195 0.3955

topleft
4
-1.895 0.5545
0 0.5545
0 0.6535
-1.895 0.6535

topcenter
4
0 0.5545
1.035 0.5545
1.035 0.6535
0 0.6535

topright
4
1.035 0.5545
2.93 0.5545
2.93 0.6535
1.035 0.6535


23
FOXA+FOXB+TOX
6
-1.895 0.001
0 0.001
1.035 0.001
2.93 0.001
2.93 0.2665
-1.895 0.2665
4

ILD1a
4
-1.895 0.2665
2.93 0.2665
2.93 0.2765
-1.895 0.2765
7

ILD1b1+ILD1b2
12
-1.895 0.2765
2.93 0.2765
2.93 0.3705
2.42542 0.3705
1.53458 0.3705
1.48042 0.3705
0.58958 0.3705
0.44542 0.3705
-0.44542 0.3705
-0.49958 0.3705
-1.39042 0.3705
-1.895 0.3705
4

ILD1b3
4
-1.895 0.3705
-1.39042 0.3705
-1.392805 0.3955
-1.895 0.3955
4

ILD1b3
4
-0.49958 0.3705
-0.44542 0.3705
-0.447805 0.3955
-0.497195 0.3955
4

ILD1b3
4
0.44542 0.3705
0.58958 0.3705
0.587195 0.3955
0.447805 0.3955
4

ILD1b3
4
1.48042 0.3705
1.53458 0.3705
1.532195 0.3955
1.482805 0.3955
4

ILD1b3
4
2.42542 0.3705
2.93 0.3705
2.93 0.3955
2.427805 0.3955
4

IMD1a
4
-1.895 0.3955
-1.392805 0.3955
-1.393855 0.4065
-1.895 0.4065
5.2

IMD1a
4
-0.497195 0.3955
-0.447805 0.3955
-0.448855 0.4065
-0.496145 0.4065
5.2

IMD1a
4
0.447805 0.3955
0.587195 0.3955
0.586145 0.4065
0.448855 0.4065
5.2

IMD1a
4
1.482805 0.3955
1.532195 0.3955
1.531145 0.4065
1.483855 0.4065
5.2

IMD1a
4
2.427805 0.3955
2.93 0.3955
2.93 0.4065
2.428855 0.4065
5.2

IMD1b
4
-1.895 0.4065
-1.393855 0.4065
-1.39958 0.4665
-1.895 0.4665
2.8

IMD1b
4
-0.496145 0.4065
-0.448855 0.4065
-0.45458 0.4665
-0.49042 0.4665
2.8

IMD1b
4
0.448855 0.4065
0.586145 0.4065
0.58042 0.4665
0.45458 0.4665
2.8

IMD1b
4
1.483855 0.4065
1.531145 0.4065
1.52542 0.4665
1.48958 0.4665
2.8

IMD1b
4
2.428855 0.4065
2.93 0.4065
2.93 0.4665
2.43458 0.4665
2.8

IMD2a
12
-1.895 0.4665
-1.39958 0.4665
-0.49042 0.4665
-0.45458 0.4665
0.45458 0.4665
0.58042 0.4665
1.48958 0.4665
1.52542 0.4665
2.43458 0.4665
2.93 0.4665
2.93 0.4875
-1.895 0.4875
5.2

IMD2b
4
-1.895 0.4875
2.93 0.4875
2.93 0.5025
-1.895 0.5025
4.2

IMD2c
4
-1.895 0.5025
2.93 0.5025
2.93 0.5265
-1.895 0.5265
3.28

IMD2d1
4
-1.895 0.5265
2.93 0.5265
2.93 0.5445
-1.895 0.5445
2.65

IMD2d1_damage
6
-1.895 0.5445
2.93 0.5445
2.93 0.5545
1.035 0.5545
0 0.5545
-1.895 0.5545
3.1


4
-1.895 0.001
2.93 0.001
2.93 0.5545
-1.895 0.5545

