****************************PATTERN SUB-metal2-metal3_STACK3L **********************************
    wMst        wEnv       space     edgeSpace  |       c12         c13         c14        c1t          c1b         c23         c24         c2t        c2b
0.04500000  0.04500000  0.02250000  0.31500000  |  -0.00748731 -0.15724708 -0.00705707 0.00000000  -0.00480055 -0.00694615 -0.15917961 0.00000000  -0.00073393 
0.04500000  0.04500000  0.02250000  4.50000000  |  -0.00783308 -0.15729907 -0.00821232 0.00000000  -0.00776653 -0.00797391 -0.15807015 0.00000000  -0.00575765 
0.04500000  0.04500000  0.04050000  0.31500000  |  -0.00929744 -0.09276234 -0.00707866 0.00000000  -0.00508266 -0.00713010 -0.09463042 0.00000000  -0.00074208 
0.04500000  0.04500000  0.04050000  4.50000000  |  -0.00972465 -0.09312596 -0.00822223 0.00000000  -0.00803006 -0.00800335 -0.09527529 0.00000000  -0.00577209 
0.04500000  0.04500000  0.04500000  0.31500000  |  -0.00973766 -0.08447764 -0.00707743 0.00000000  -0.00516581 -0.00710694 -0.08628715 0.00000000  -0.00074272 
0.04500000  0.04500000  0.04500000  4.50000000  |  -0.01017161 -0.08470095 -0.00819504 0.00000000  -0.00809434 -0.00792189 -0.08673605 0.00000000  -0.00579402 
0.04500000  0.04500000  0.09000000  0.31500000  |  -0.01345555 -0.04468052 -0.00691558 0.00000000  -0.00585355 -0.00687383 -0.04667846 0.00000000  -0.00076700 
0.04500000  0.04500000  0.09000000  4.50000000  |  -0.01384211 -0.04543645 -0.00802168 0.00000000  -0.00863286 -0.00792531 -0.04746824 0.00000000  -0.00583821 
0.04500000  0.04500000  0.18000000  0.31500000  |  -0.01784590 -0.02184195 -0.00633588 0.00000000  -0.00711908 -0.00632886 -0.02412222 0.00000000  -0.00093259 
0.04500000  0.04500000  0.18000000  4.50000000  |  -0.01848346 -0.02253877 -0.00730581 0.00000000  -0.00972541 -0.00728343 -0.02534694 0.00000000  -0.00607612 
0.04500000  0.04500000  0.27000000  0.31500000  |  -0.01998133 -0.01358977 -0.00557099 0.00000000  -0.00819541 -0.00553698 -0.01611153 0.00000000  -0.00127285 
0.04500000  0.04500000  0.27000000  4.50000000  |  -0.02057301 -0.01417356 -0.00661921 0.00000000  -0.01068302 -0.00654548 -0.01710719 0.00000000  -0.00646679 
0.04500000  0.04500000  0.45000000  0.31500000  |  -0.02194824 -0.00674721 -0.00431869 0.00000000  -0.00998865 -0.00428995 -0.00962773 0.00000000  -0.00233628 
0.04500000  0.04500000  0.45000000  4.50000000  |  -0.02260781 -0.00733217 -0.00512591 0.00000000  -0.01235706 -0.00505666 -0.01034509 0.00000000  -0.00743938 
0.04500000  0.04500000  4.50000000  0.31500000  |  -0.02338147 0.00000000  0.00000000  0.00000000  -0.01747417 0.00000000  0.00000000  0.00000000  -0.01445881 
0.04500000  0.04500000  4.50000000  4.50000000  |  -0.02414625 0.00000000  0.00000000  0.00000000  -0.01903839 0.00000000  0.00000000  0.00000000  -0.01564370 
0.04500000  0.13500000  0.02250000  0.31500000  |  -0.00744322 -0.16008927 -0.00649635 0.00000000  -0.00431637 -0.00789710 -0.15842364 0.00000000  -0.00070681 
0.04500000  0.13500000  0.02250000  4.50000000  |  -0.00783322 -0.16030778 -0.00722089 0.00000000  -0.00668575 -0.00974584 -0.15910247 0.00000000  -0.00535823 
0.04500000  0.13500000  0.04050000  0.31500000  |  -0.00924617 -0.09534039 -0.00659350 0.00000000  -0.00462513 -0.00786626 -0.09416957 0.00000000  -0.00070892 
0.04500000  0.13500000  0.04050000  4.50000000  |  -0.00961269 -0.09622095 -0.00733120 0.00000000  -0.00698101 -0.00949527 -0.09469149 0.00000000  -0.00540450 
0.04500000  0.13500000  0.04500000  0.31500000  |  -0.00968466 -0.08706807 -0.00660860 0.00000000  -0.00469559 -0.00776955 -0.08572468 0.00000000  -0.00071739 
0.04500000  0.13500000  0.04500000  4.50000000  |  -0.01001346 -0.08698988 -0.00739602 0.00000000  -0.00705395 -0.00946301 -0.08652083 0.00000000  -0.00541710 
0.04500000  0.13500000  0.09000000  0.31500000  |  -0.01341416 -0.04675972 -0.00660078 0.00000000  -0.00543078 -0.00750039 -0.04654520 0.00000000  -0.00074585 
0.04500000  0.13500000  0.09000000  4.50000000  |  -0.01386793 -0.04764299 -0.00738369 0.00000000  -0.00772794 -0.00896037 -0.04713294 0.00000000  -0.00551430 
0.04500000  0.13500000  0.18000000  0.31500000  |  -0.01781653 -0.02344172 -0.00607147 0.00000000  -0.00677165 -0.00680486 -0.02386118 0.00000000  -0.00092125 
0.04500000  0.13500000  0.18000000  4.50000000  |  -0.01845497 -0.02412463 -0.00676753 0.00000000  -0.00904375 -0.00811124 -0.02489985 0.00000000  -0.00582574 
0.04500000  0.13500000  0.27000000  0.31500000  |  -0.01999564 -0.01462126 -0.00540413 0.00000000  -0.00794079 -0.00600977 -0.01585576 0.00000000  -0.00126225 
0.04500000  0.13500000  0.27000000  4.50000000  |  -0.02060154 -0.01512032 -0.00622967 0.00000000  -0.01014028 -0.00720178 -0.01675470 0.00000000  -0.00619943 
0.04500000  0.13500000  0.45000000  0.31500000  |  -0.02185052 -0.00737700 -0.00417411 0.00000000  -0.00984865 -0.00465219 -0.00939308 0.00000000  -0.00231111 
0.04500000  0.13500000  0.45000000  4.50000000  |  -0.02256633 -0.00782808 -0.00494474 0.00000000  -0.01206818 -0.00566842 -0.01005239 0.00000000  -0.00715004 
0.04500000  0.13500000  4.50000000  0.31500000  |  -0.02324790 0.00000000  0.00000000  0.00000000  -0.01737656 0.00000000  0.00000000  0.00000000  -0.01451402 
0.04500000  0.13500000  4.50000000  4.50000000  |  -0.02409581 0.00000000  0.00000000  0.00000000  -0.01904137 0.00000000  0.00000000  0.00000000  -0.01566166 
0.04500000  0.90000000  0.02250000  0.31500000  |  -0.00742780 -0.16232591 -0.00641280 0.00000000  -0.00393256 -0.00959417 -0.15741342 0.00000000  -0.00040468 
0.04500000  0.90000000  0.02250000  4.50000000  |  -0.00778815 -0.16277240 -0.00680043 0.00000000  -0.00522678 -0.01306592 -0.15844229 0.00000000  -0.00328406 
0.04500000  0.90000000  0.04050000  0.31500000  |  -0.00928361 -0.09726196 -0.00649360 0.00000000  -0.00425005 -0.00951336 -0.09373065 0.00000000  -0.00042191 
0.04500000  0.90000000  0.04050000  4.50000000  |  -0.00951430 -0.09781607 -0.00705402 0.00000000  -0.00555955 -0.01290067 -0.09411036 0.00000000  -0.00334274 
0.04500000  0.90000000  0.04500000  0.31500000  |  -0.00973001 -0.08896559 -0.00650585 0.00000000  -0.00432522 -0.00945093 -0.08546521 0.00000000  -0.00042082 
0.04500000  0.90000000  0.04500000  4.50000000  |  -0.00992255 -0.08967704 -0.00710542 0.00000000  -0.00563486 -0.01285762 -0.08595730 0.00000000  -0.00335906 
0.04500000  0.90000000  0.09000000  0.31500000  |  -0.01343381 -0.04854392 -0.00645554 0.00000000  -0.00508584 -0.00922454 -0.04595848 0.00000000  -0.00045036 
0.04500000  0.90000000  0.09000000  4.50000000  |  -0.01385103 -0.04961068 -0.00704640 0.00000000  -0.00645764 -0.01220596 -0.04638908 0.00000000  -0.00350230 
0.04500000  0.90000000  0.18000000  0.31500000  |  -0.01783296 -0.02487120 -0.00598088 0.00000000  -0.00649364 -0.00845087 -0.02344299 0.00000000  -0.00062380 
0.04500000  0.90000000  0.18000000  4.50000000  |  -0.01846643 -0.02585727 -0.00653947 0.00000000  -0.00789117 -0.01094343 -0.02435520 0.00000000  -0.00391572 
0.04500000  0.90000000  0.27000000  0.31500000  |  -0.01996430 -0.01587173 -0.00529623 0.00000000  -0.00770897 -0.00763351 -0.01548142 0.00000000  -0.00099102 
0.04500000  0.90000000  0.27000000  4.50000000  |  -0.02053627 -0.01688367 -0.00581572 0.00000000  -0.00917710 -0.01010091 -0.01627641 0.00000000  -0.00437419 
0.04500000  0.90000000  0.45000000  0.31500000  |  -0.02183410 -0.00834993 -0.00403738 0.00000000  -0.00962497 -0.00624271 -0.00893351 0.00000000  -0.00203244 
0.04500000  0.90000000  0.45000000  4.50000000  |  -0.02269117 -0.00916747 -0.00462726 0.00000000  -0.01137535 -0.00815571 -0.00952943 0.00000000  -0.00563758 
0.04500000  0.90000000  4.50000000  0.31500000  |  -0.02325601 0.00000000  0.00000000  0.00000000  -0.01749124 0.00000000  0.00000000  0.00000000  -0.01467938 
0.04500000  0.90000000  4.50000000  4.50000000  |  -0.02423279 0.00000000  0.00000000  0.00000000  -0.01912639 0.00000000  0.00000000  0.00000000  -0.01561500 
0.13500000  0.04500000  0.02250000  0.31500000  |  -0.01131950 -0.16031961 -0.01671272 0.00000000  -0.00775526 -0.00231026 -0.15845287 0.00000000  -0.00056289 
0.13500000  0.04500000  0.02250000  4.50000000  |  -0.01178225 -0.16011746 -0.01828998 0.00000000  -0.01179577 -0.00334230 -0.15909697 0.00000000  -0.00499003 
0.13500000  0.04500000  0.04050000  0.31500000  |  -0.01352735 -0.09550298 -0.01663546 0.00000000  -0.00801440 -0.00243963 -0.09409593 0.00000000  -0.00056938 
0.13500000  0.04500000  0.04050000  4.50000000  |  -0.01401635 -0.09593806 -0.01794459 0.00000000  -0.01186028 -0.00339007 -0.09411781 0.00000000  -0.00498641 
0.13500000  0.04500000  0.04500000  0.31500000  |  -0.01408000 -0.08715835 -0.01642601 0.00000000  -0.00807723 -0.00240697 -0.08559333 0.00000000  -0.00057495 
0.13500000  0.04500000  0.04500000  4.50000000  |  -0.01446437 -0.08777177 -0.01771111 0.00000000  -0.01188213 -0.00344248 -0.08648987 0.00000000  -0.00502647 
0.13500000  0.04500000  0.09000000  0.31500000  |  -0.01852996 -0.04656210 -0.01504392 0.00000000  -0.00877385 -0.00265588 -0.04611890 0.00000000  -0.00059417 
0.13500000  0.04500000  0.09000000  4.50000000  |  -0.01905688 -0.04720688 -0.01613127 0.00000000  -0.01220503 -0.00374177 -0.04724110 0.00000000  -0.00515414 
0.13500000  0.04500000  0.18000000  0.31500000  |  -0.02339752 -0.02299712 -0.01200037 0.00000000  -0.01014395 -0.00301645 -0.02357306 0.00000000  -0.00068394 
0.13500000  0.04500000  0.18000000  4.50000000  |  -0.02390151 -0.02371568 -0.01322581 0.00000000  -0.01327995 -0.00388172 -0.02443205 0.00000000  -0.00528345 
0.13500000  0.04500000  0.27000000  0.31500000  |  -0.02582098 -0.01443056 -0.00972568 0.00000000  -0.01137552 -0.00301762 -0.01566135 0.00000000  -0.00090928 
0.13500000  0.04500000  0.27000000  4.50000000  |  -0.02640794 -0.01493778 -0.01085084 0.00000000  -0.01445450 -0.00395425 -0.01641092 0.00000000  -0.00554010 
0.13500000  0.04500000  0.45000000  0.31500000  |  -0.02789607 -0.00722426 -0.00689729 0.00000000  -0.01347298 -0.00257517 -0.00920663 0.00000000  -0.00167603 
0.13500000  0.04500000  0.45000000  4.50000000  |  -0.02871625 -0.00794401 -0.00775433 0.00000000  -0.01650814 -0.00345308 -0.00981797 0.00000000  -0.00619121 
0.13500000  0.04500000  4.50000000  0.31500000  |  -0.02940346 0.00000000  0.00000000  0.00000000  -0.02286285 0.00000000  0.00000000  0.00000000  -0.01229874 
0.13500000  0.04500000  4.50000000  4.50000000  |  -0.03055829 0.00000000  0.00000000  0.00000000  -0.02469094 0.00000000  0.00000000  0.00000000  -0.01310711 
0.13500000  0.13500000  0.02250000  0.31500000  |  -0.01114992 -0.16418662 -0.01629818 0.00000000  -0.00708432 -0.00283930 -0.15824003 0.00000000  -0.00051429 
0.13500000  0.13500000  0.02250000  4.50000000  |  -0.01154888 -0.16425908 -0.01721469 0.00000000  -0.01019113 -0.00421724 -0.15813783 0.00000000  -0.00458634 
0.13500000  0.13500000  0.04050000  0.31500000  |  -0.01345325 -0.09874621 -0.01625639 0.00000000  -0.00739152 -0.00284017 -0.09406320 0.00000000  -0.00052661 
0.13500000  0.13500000  0.04050000  4.50000000  |  -0.01376691 -0.09917234 -0.01725346 0.00000000  -0.01042580 -0.00436517 -0.09480174 0.00000000  -0.00470000 
0.13500000  0.13500000  0.04500000  0.31500000  |  -0.01407582 -0.09035131 -0.01601180 0.00000000  -0.00747056 -0.00285716 -0.08541488 0.00000000  -0.00052793 
0.13500000  0.13500000  0.04500000  4.50000000  |  -0.01435700 -0.09088381 -0.01704850 0.00000000  -0.01049715 -0.00428272 -0.08610144 0.00000000  -0.00470450 
0.13500000  0.13500000  0.09000000  0.31500000  |  -0.01850918 -0.04907894 -0.01476040 0.00000000  -0.00826382 -0.00305445 -0.04595943 0.00000000  -0.00055351 
0.13500000  0.13500000  0.09000000  4.50000000  |  -0.01889381 -0.04994066 -0.01562795 0.00000000  -0.01112507 -0.00443314 -0.04667229 0.00000000  -0.00485958 
0.13500000  0.13500000  0.18000000  0.31500000  |  -0.02340244 -0.02474679 -0.01177875 0.00000000  -0.00973747 -0.00329406 -0.02343606 0.00000000  -0.00065140 
0.13500000  0.13500000  0.18000000  4.50000000  |  -0.02395317 -0.02551251 -0.01269519 0.00000000  -0.01246589 -0.00469186 -0.02440035 0.00000000  -0.00504639 
0.13500000  0.13500000  0.27000000  0.31500000  |  -0.02576062 -0.01556832 -0.00957693 0.00000000  -0.01108106 -0.00331142 -0.01551040 0.00000000  -0.00089232 
0.13500000  0.13500000  0.27000000  4.50000000  |  -0.02639666 -0.01627078 -0.01046502 0.00000000  -0.01381774 -0.00449090 -0.01610635 0.00000000  -0.00530889 
0.13500000  0.13500000  0.45000000  0.31500000  |  -0.02787486 -0.00786959 -0.00676173 0.00000000  -0.01329794 -0.00277693 -0.00908514 0.00000000  -0.00165609 
0.13500000  0.13500000  0.45000000  4.50000000  |  -0.02868920 -0.00866022 -0.00753558 0.00000000  -0.01608094 -0.00407734 -0.00950455 0.00000000  -0.00578520 
0.13500000  0.13500000  4.50000000  0.31500000  |  -0.02944553 0.00000000  0.00000000  0.00000000  -0.02286408 0.00000000  0.00000000  0.00000000  -0.01227460 
0.13500000  0.13500000  4.50000000  4.50000000  |  -0.03057104 0.00000000  0.00000000  0.00000000  -0.02466986 0.00000000  0.00000000  0.00000000  -0.01315946 
0.13500000  0.90000000  0.02250000  0.31500000  |  -0.01128898 -0.16732778 -0.01618116 0.00000000  -0.00659428 -0.00439594 -0.15727504 0.00000000  -0.00025511 
0.13500000  0.90000000  0.02250000  4.50000000  |  -0.01144000 -0.16673970 -0.01694120 0.00000000  -0.00826215 -0.00730893 -0.15810581 0.00000000  -0.00281609 
0.13500000  0.90000000  0.04050000  0.31500000  |  -0.01345721 -0.10144216 -0.01610873 0.00000000  -0.00691362 -0.00442090 -0.09345435 0.00000000  -0.00025826 
0.13500000  0.90000000  0.04050000  4.50000000  |  -0.01372313 -0.10165437 -0.01682302 0.00000000  -0.00861714 -0.00720802 -0.09422109 0.00000000  -0.00289183 
0.13500000  0.90000000  0.04500000  0.31500000  |  -0.01405228 -0.09278693 -0.01595468 0.00000000  -0.00699621 -0.00445546 -0.08523484 0.00000000  -0.00026219 
0.13500000  0.90000000  0.04500000  4.50000000  |  -0.01433505 -0.09410684 -0.01672643 0.00000000  -0.00867443 -0.00716469 -0.08571092 0.00000000  -0.00290504 
0.13500000  0.90000000  0.09000000  0.31500000  |  -0.01845465 -0.05125976 -0.01466845 0.00000000  -0.00782865 -0.00464284 -0.04554728 0.00000000  -0.00027989 
0.13500000  0.90000000  0.09000000  4.50000000  |  -0.01902788 -0.05227845 -0.01518035 0.00000000  -0.00955018 -0.00733320 -0.04596295 0.00000000  -0.00307456 
0.13500000  0.90000000  0.18000000  0.31500000  |  -0.02336121 -0.02643247 -0.01172444 0.00000000  -0.00939085 -0.00491924 -0.02317797 0.00000000  -0.00039197 
0.13500000  0.90000000  0.18000000  4.50000000  |  -0.02394565 -0.02739409 -0.01237999 0.00000000  -0.01117113 -0.00722619 -0.02387156 0.00000000  -0.00331285 
0.13500000  0.90000000  0.27000000  0.31500000  |  -0.02577940 -0.01709888 -0.00944698 0.00000000  -0.01077997 -0.00493446 -0.01514600 0.00000000  -0.00062615 
0.13500000  0.90000000  0.27000000  4.50000000  |  -0.02639322 -0.01798915 -0.01007482 0.00000000  -0.01265449 -0.00682597 -0.01587744 0.00000000  -0.00370207 
0.13500000  0.90000000  0.45000000  0.31500000  |  -0.02785345 -0.00898679 -0.00665016 0.00000000  -0.01304625 -0.00439541 -0.00872166 0.00000000  -0.00141276 
0.13500000  0.90000000  0.45000000  4.50000000  |  -0.02867394 -0.01002515 -0.00736435 0.00000000  -0.01513426 -0.00607468 -0.00927216 0.00000000  -0.00450913 
0.13500000  0.90000000  4.50000000  0.31500000  |  -0.02938192 0.00000000  0.00000000  0.00000000  -0.02291366 0.00000000  0.00000000  0.00000000  -0.01241492 
0.13500000  0.90000000  4.50000000  4.50000000  |  -0.03053114 0.00000000  0.00000000  0.00000000  -0.02472448 0.00000000  0.00000000  0.00000000  -0.01320179 
0.90000000  0.04500000  0.02250000  0.31500000  |  -0.01386282 -0.16296993 -0.04654703 0.00000000  -0.03032435 -0.00032070 -0.15742093 0.00000000  -0.00027188 
0.90000000  0.04500000  0.02250000  4.50000000  |  -0.01526476 -0.17512289 -0.05254538 0.00000000  -0.04082931 -0.00112792 -0.15583285 0.00000000  -0.00258674 
0.90000000  0.04500000  0.04050000  0.31500000  |  -0.01658697 -0.09827787 -0.04931578 0.00000000  -0.03068577 -0.00033390 -0.09311953 0.00000000  -0.00028088 
0.90000000  0.04500000  0.04050000  4.50000000  |  -0.01792823 -0.10768907 -0.05444834 0.00000000  -0.04078557 -0.00120313 -0.09292442 0.00000000  -0.00263137 
0.90000000  0.04500000  0.04500000  0.31500000  |  -0.01718327 -0.08970141 -0.04982260 0.00000000  -0.03076585 -0.00034592 -0.08488589 0.00000000  -0.00028282 
0.90000000  0.04500000  0.04500000  4.50000000  |  -0.01857608 -0.09979286 -0.05493152 0.00000000  -0.04080213 -0.00123576 -0.08450127 0.00000000  -0.00267980 
0.90000000  0.04500000  0.09000000  0.31500000  |  -0.02245366 -0.04896072 -0.05514145 0.00000000  -0.03171692 -0.00037337 -0.04484865 0.00000000  -0.00030342 
0.90000000  0.04500000  0.09000000  4.50000000  |  -0.02429675 -0.06112585 -0.06036202 0.00000000  -0.04083482 -0.00140434 -0.04502245 0.00000000  -0.00277886 
0.90000000  0.04500000  0.18000000  0.31500000  |  -0.02945378 -0.02474893 -0.06168776 0.00000000  -0.03360366 -0.00043297 -0.02149346 0.00000000  -0.00033068 
0.90000000  0.04500000  0.18000000  4.50000000  |  -0.03172519 -0.03494056 -0.06553523 0.00000000  -0.04096123 -0.00151582 -0.02189265 0.00000000  -0.00297274 
0.90000000  0.04500000  0.27000000  0.31500000  |  -0.03332095 -0.01576589 -0.06386009 0.00000000  -0.03511185 -0.00048509 -0.01285549 0.00000000  -0.00033229 
0.90000000  0.04500000  0.27000000  4.50000000  |  -0.03538084 -0.02302555 -0.06727805 0.00000000  -0.04144735 -0.00163888 -0.01317820 0.00000000  -0.00306669 
0.90000000  0.04500000  0.45000000  0.31500000  |  -0.03708202 -0.00682941 -0.04796420 0.00000000  -0.03681141 -0.00041754 -0.00617844 0.00000000  -0.00035880 
0.90000000  0.04500000  0.45000000  4.50000000  |  -0.03904196 -0.01074033 -0.04976400 0.00000000  -0.04216480 -0.00143885 -0.00667671 0.00000000  -0.00297924 
0.90000000  0.04500000  4.50000000  0.31500000  |  -0.04012964 0.00000000  0.00000000  0.00000000  -0.05613587 0.00000000  0.00000000  0.00000000  -0.00510143 
0.90000000  0.04500000  4.50000000  4.50000000  |  -0.04211524 0.00000000  0.00000000  0.00000000  -0.05895767 0.00000000  0.00000000  0.00000000  -0.00553604 
0.90000000  0.13500000  0.02250000  0.31500000  |  -0.01380498 -0.16747649 -0.04648639 0.00000000  -0.02927848 -0.00044119 -0.15734299 0.00000000  -0.00023963 
0.90000000  0.13500000  0.02250000  4.50000000  |  -0.01529767 -0.18043587 -0.05196111 0.00000000  -0.03759835 -0.00151153 -0.15608317 0.00000000  -0.00241345 
0.90000000  0.13500000  0.04050000  0.31500000  |  -0.01647302 -0.10224187 -0.04918020 0.00000000  -0.02973660 -0.00046001 -0.09310105 0.00000000  -0.00024779 
0.90000000  0.13500000  0.04050000  4.50000000  |  -0.01730825 -0.11249236 -0.05427303 0.00000000  -0.03779071 -0.00156907 -0.09285963 0.00000000  -0.00244949 
0.90000000  0.13500000  0.04500000  0.31500000  |  -0.01707869 -0.09373018 -0.04982736 0.00000000  -0.02984110 -0.00046529 -0.08487118 0.00000000  -0.00025013 
0.90000000  0.13500000  0.04500000  4.50000000  |  -0.01793318 -0.10366909 -0.05482267 0.00000000  -0.03775998 -0.00157616 -0.08456191 0.00000000  -0.00249871 
0.90000000  0.13500000  0.09000000  0.31500000  |  -0.02257483 -0.05195456 -0.05505405 0.00000000  -0.03094166 -0.00049396 -0.04489396 0.00000000  -0.00025914 
0.90000000  0.13500000  0.09000000  4.50000000  |  -0.02406616 -0.06407712 -0.05969520 0.00000000  -0.03822925 -0.00173005 -0.04528841 0.00000000  -0.00257142 
0.90000000  0.13500000  0.18000000  0.31500000  |  -0.02937480 -0.02719548 -0.06196553 0.00000000  -0.03296810 -0.00062317 -0.02148677 0.00000000  -0.00028548 
0.90000000  0.13500000  0.18000000  4.50000000  |  -0.03163232 -0.03742590 -0.06568707 0.00000000  -0.03892586 -0.00180034 -0.02170228 0.00000000  -0.00286115 
0.90000000  0.13500000  0.27000000  0.31500000  |  -0.03334657 -0.01719109 -0.06427705 0.00000000  -0.03468106 -0.00066757 -0.01281239 0.00000000  -0.00029808 
0.90000000  0.13500000  0.27000000  4.50000000  |  -0.03498341 -0.02481614 -0.06735319 0.00000000  -0.04018046 -0.00190482 -0.01311407 0.00000000  -0.00287576 
0.90000000  0.13500000  0.45000000  0.31500000  |  -0.03728316 -0.00769182 -0.04805328 0.00000000  -0.03659910 -0.00060405 -0.00609243 0.00000000  -0.00031094 
0.90000000  0.13500000  0.45000000  4.50000000  |  -0.03886630 -0.01158816 -0.04932892 0.00000000  -0.04145467 -0.00170181 -0.00663131 0.00000000  -0.00283892 
0.90000000  0.13500000  4.50000000  0.31500000  |  -0.03992371 0.00000000  0.00000000  0.00000000  -0.05589014 0.00000000  0.00000000  0.00000000  -0.00516569 
0.90000000  0.13500000  4.50000000  4.50000000  |  -0.04210656 0.00000000  0.00000000  0.00000000  -0.05898066 0.00000000  0.00000000  0.00000000  -0.00557856 
0.90000000  0.90000000  0.02250000  0.31500000  |  -0.01364869 -0.17177908 -0.04639777 0.00000000  -0.02834718 -0.00148528 -0.15686949 0.00000000  -0.00008354 
0.90000000  0.90000000  0.02250000  4.50000000  |  -0.01493155 -0.18658766 -0.05190662 0.00000000  -0.03265224 -0.00263264 -0.15756628 0.00000000  -0.00154313 
0.90000000  0.90000000  0.04050000  0.31500000  |  -0.01628984 -0.10592163 -0.04894129 0.00000000  -0.02885860 -0.00155229 -0.09310560 0.00000000  -0.00008553 
0.90000000  0.90000000  0.04050000  4.50000000  |  -0.01779337 -0.12248910 -0.05427135 0.00000000  -0.03303334 -0.00274473 -0.09305123 0.00000000  -0.00158868 
0.90000000  0.90000000  0.04500000  0.31500000  |  -0.01691327 -0.09757925 -0.04953493 0.00000000  -0.02897618 -0.00155837 -0.08481450 0.00000000  -0.00008611 
0.90000000  0.90000000  0.04500000  4.50000000  |  -0.01846444 -0.11370901 -0.05482900 0.00000000  -0.03313703 -0.00277016 -0.08481093 0.00000000  -0.00160404 
0.90000000  0.90000000  0.09000000  0.31500000  |  -0.02234259 -0.05519501 -0.05504383 0.00000000  -0.03027014 -0.00169527 -0.04471051 0.00000000  -0.00009453 
0.90000000  0.90000000  0.09000000  4.50000000  |  -0.02395747 -0.07125983 -0.06000764 0.00000000  -0.03405843 -0.00281107 -0.04465022 0.00000000  -0.00174441 
0.90000000  0.90000000  0.18000000  0.31500000  |  -0.02935120 -0.02985899 -0.06176904 0.00000000  -0.03245604 -0.00181103 -0.02138306 0.00000000  -0.00012388 
0.90000000  0.90000000  0.18000000  4.50000000  |  -0.03119573 -0.04223844 -0.06571963 0.00000000  -0.03615507 -0.00306716 -0.02140324 0.00000000  -0.00191058 
0.90000000  0.90000000  0.27000000  0.31500000  |  -0.03325666 -0.01957528 -0.06368436 0.00000000  -0.03424091 -0.00178392 -0.01266520 0.00000000  -0.00012868 
0.90000000  0.90000000  0.27000000  4.50000000  |  -0.03509715 -0.02853042 -0.06697742 0.00000000  -0.03790384 -0.00306691 -0.01294392 0.00000000  -0.00200289 
0.90000000  0.90000000  0.45000000  0.31500000  |  -0.03709878 -0.00932229 -0.04748792 0.00000000  -0.03631095 -0.00171546 -0.00591637 0.00000000  -0.00014084 
0.90000000  0.90000000  0.45000000  4.50000000  |  -0.03918118 -0.01451348 -0.04989230 0.00000000  -0.03988771 -0.00275791 -0.00636498 0.00000000  -0.00207977 
0.90000000  0.90000000  4.50000000  0.31500000  |  -0.03996235 0.00000000  0.00000000  0.00000000  -0.05630185 0.00000000  0.00000000  0.00000000  -0.00531573 
0.90000000  0.90000000  4.50000000  4.50000000  |  -0.04204300 0.00000000  0.00000000  0.00000000  -0.05898631 0.00000000  0.00000000  0.00000000  -0.00559216 
