botcenter
4
0 -0.001
0.6975 -0.001
0.6975 0.001
0 0.001

9
botleft
4
-2.165 -0.001
0 -0.001
0 0.001
-2.165 0.001

botright
4
0.6975 -0.001
1.715 -0.001
1.715 0.001
0.6975 0.001

lEnv
8
-1.66042 0.3705
-0.76958 0.3705
-0.767195 0.3955
-0.766145 0.4065
-0.76042 0.4665
-1.66958 0.4665
-1.663855 0.4065
-1.662805 0.3955

c1
8
-0.44542 0.3705
0.44542 0.3705
0.447805 0.3955
0.448855 0.4065
0.45458 0.4665
-0.45458 0.4665
-0.448855 0.4065
-0.447805 0.3955

c2
8
0.63458 0.3705
0.76042 0.3705
0.762805 0.3955
0.763855 0.4065
0.76958 0.4665
0.62542 0.4665
0.631145 0.4065
0.632195 0.3955

rEnv
8
1.08458 0.3705
1.21042 0.3705
1.212805 0.3955
1.213855 0.4065
1.21958 0.4665
1.07542 0.4665
1.081145 0.4065
1.082195 0.3955

topleft
4
-2.165 0.7415
0 0.7415
0 0.8405
-2.165 0.8405

topcenter
4
0 0.7415
0.6975 0.7415
0.6975 0.8405
0 0.8405

topright
4
0.6975 0.7415
1.715 0.7415
1.715 0.8405
0.6975 0.8405


27
FOXA+FOXB+TOX
6
-2.165 0.001
0 0.001
0.6975 0.001
1.715 0.001
1.715 0.2665
-2.165 0.2665
4

ILD1a
4
-2.165 0.2665
1.715 0.2665
1.715 0.2765
-2.165 0.2765
7

ILD1b1+ILD1b2
12
-2.165 0.2765
1.715 0.2765
1.715 0.3705
1.21042 0.3705
1.08458 0.3705
0.76042 0.3705
0.63458 0.3705
0.44542 0.3705
-0.44542 0.3705
-0.76958 0.3705
-1.66042 0.3705
-2.165 0.3705
4

ILD1b3
4
-2.165 0.3705
-1.66042 0.3705
-1.662805 0.3955
-2.165 0.3955
4

ILD1b3
4
-0.76958 0.3705
-0.44542 0.3705
-0.447805 0.3955
-0.767195 0.3955
4

ILD1b3
4
0.44542 0.3705
0.63458 0.3705
0.632195 0.3955
0.447805 0.3955
4

ILD1b3
4
0.76042 0.3705
1.08458 0.3705
1.082195 0.3955
0.762805 0.3955
4

ILD1b3
4
1.21042 0.3705
1.715 0.3705
1.715 0.3955
1.212805 0.3955
4

IMD1a
4
-2.165 0.3955
-1.662805 0.3955
-1.663855 0.4065
-2.165 0.4065
5.2

IMD1a
4
-0.767195 0.3955
-0.447805 0.3955
-0.448855 0.4065
-0.766145 0.4065
5.2

IMD1a
4
0.447805 0.3955
0.632195 0.3955
0.631145 0.4065
0.448855 0.4065
5.2

IMD1a
4
0.762805 0.3955
1.082195 0.3955
1.081145 0.4065
0.763855 0.4065
5.2

IMD1a
4
1.212805 0.3955
1.715 0.3955
1.715 0.4065
1.213855 0.4065
5.2

IMD1b
4
-2.165 0.4065
-1.663855 0.4065
-1.66958 0.4665
-2.165 0.4665
2.8

IMD1b
4
-0.766145 0.4065
-0.448855 0.4065
-0.45458 0.4665
-0.76042 0.4665
2.8

IMD1b
4
0.448855 0.4065
0.631145 0.4065
0.62542 0.4665
0.45458 0.4665
2.8

IMD1b
4
0.763855 0.4065
1.081145 0.4065
1.07542 0.4665
0.76958 0.4665
2.8

IMD1b
4
1.213855 0.4065
1.715 0.4065
1.715 0.4665
1.21958 0.4665
2.8

IMD2a
12
-2.165 0.4665
-1.66958 0.4665
-0.76042 0.4665
-0.45458 0.4665
0.45458 0.4665
0.62542 0.4665
0.76958 0.4665
1.07542 0.4665
1.21958 0.4665
1.715 0.4665
1.715 0.4875
-2.165 0.4875
5.2

IMD2b
4
-2.165 0.4875
1.715 0.4875
1.715 0.5025
-2.165 0.5025
4.2

IMD2c
4
-2.165 0.5025
1.715 0.5025
1.715 0.5265
-2.165 0.5265
3.28

IMD2d1+IMD2d2
4
-2.165 0.5265
1.715 0.5265
1.715 0.6535
-2.165 0.6535
2.65

IMD3a
4
-2.165 0.6535
1.715 0.6535
1.715 0.6745
-2.165 0.6745
5.2

IMD3b
4
-2.165 0.6745
1.715 0.6745
1.715 0.6895
-2.165 0.6895
4.2

IMD3c
4
-2.165 0.6895
1.715 0.6895
1.715 0.7135
-2.165 0.7135
3.28

IMD3d1
4
-2.165 0.7135
1.715 0.7135
1.715 0.7315
-2.165 0.7315
2.65

IMD3d1_damage
6
-2.165 0.7315
1.715 0.7315
1.715 0.7415
0.6975 0.7415
0 0.7415
-2.165 0.7415
3.1


4
-2.165 0.001
1.715 0.001
1.715 0.7415
-2.165 0.7415

