botcenter
4
0 -0.001
0.6975 -0.001
0.6975 0.001
0 0.001

9
botleft
4
-0.8825 -0.001
0 -0.001
0 0.001
-0.8825 0.001

botright
4
0.6975 -0.001
2.8625 -0.001
2.8625 0.001
0.6975 0.001

lEnv
8
-0.37792 0.3705
-0.34208 0.3705
-0.339695 0.3955
-0.338645 0.4065
-0.33292 0.4665
-0.38708 0.4665
-0.381355 0.4065
-0.380305 0.3955

c1
8
-0.01792 0.3705
0.01792 0.3705
0.020305 0.3955
0.021355 0.4065
0.02708 0.4665
-0.02708 0.4665
-0.021355 0.4065
-0.020305 0.3955

c2
8
0.25208 0.3705
1.14292 0.3705
1.145305 0.3955
1.146355 0.4065
1.15208 0.4665
0.24292 0.4665
0.248645 0.4065
0.249695 0.3955

rEnv
8
1.46708 0.3705
2.35792 0.3705
2.360305 0.3955
2.361355 0.4065
2.36708 0.4665
1.45792 0.4665
1.463645 0.4065
1.464695 0.3955

topleft
4
-0.8825 0.7415
0 0.7415
0 0.8405
-0.8825 0.8405

topcenter
4
0 0.7415
0.6975 0.7415
0.6975 0.8405
0 0.8405

topright
4
0.6975 0.7415
2.8625 0.7415
2.8625 0.8405
0.6975 0.8405


27
FOXA+FOXB+TOX
6
-0.8825 0.001
0 0.001
0.6975 0.001
2.8625 0.001
2.8625 0.2665
-0.8825 0.2665
4

ILD1a
4
-0.8825 0.2665
2.8625 0.2665
2.8625 0.2765
-0.8825 0.2765
7

ILD1b1+ILD1b2
12
-0.8825 0.2765
2.8625 0.2765
2.8625 0.3705
2.35792 0.3705
1.46708 0.3705
1.14292 0.3705
0.25208 0.3705
0.01792 0.3705
-0.01792 0.3705
-0.34208 0.3705
-0.37792 0.3705
-0.8825 0.3705
4

ILD1b3
4
-0.8825 0.3705
-0.37792 0.3705
-0.380305 0.3955
-0.8825 0.3955
4

ILD1b3
4
-0.34208 0.3705
-0.01792 0.3705
-0.020305 0.3955
-0.339695 0.3955
4

ILD1b3
4
0.01792 0.3705
0.25208 0.3705
0.249695 0.3955
0.020305 0.3955
4

ILD1b3
4
1.14292 0.3705
1.46708 0.3705
1.464695 0.3955
1.145305 0.3955
4

ILD1b3
4
2.35792 0.3705
2.8625 0.3705
2.8625 0.3955
2.360305 0.3955
4

IMD1a
4
-0.8825 0.3955
-0.380305 0.3955
-0.381355 0.4065
-0.8825 0.4065
5.2

IMD1a
4
-0.339695 0.3955
-0.020305 0.3955
-0.021355 0.4065
-0.338645 0.4065
5.2

IMD1a
4
0.020305 0.3955
0.249695 0.3955
0.248645 0.4065
0.021355 0.4065
5.2

IMD1a
4
1.145305 0.3955
1.464695 0.3955
1.463645 0.4065
1.146355 0.4065
5.2

IMD1a
4
2.360305 0.3955
2.8625 0.3955
2.8625 0.4065
2.361355 0.4065
5.2

IMD1b
4
-0.8825 0.4065
-0.381355 0.4065
-0.38708 0.4665
-0.8825 0.4665
2.8

IMD1b
4
-0.338645 0.4065
-0.021355 0.4065
-0.02708 0.4665
-0.33292 0.4665
2.8

IMD1b
4
0.021355 0.4065
0.248645 0.4065
0.24292 0.4665
0.02708 0.4665
2.8

IMD1b
4
1.146355 0.4065
1.463645 0.4065
1.45792 0.4665
1.15208 0.4665
2.8

IMD1b
4
2.361355 0.4065
2.8625 0.4065
2.8625 0.4665
2.36708 0.4665
2.8

IMD2a
12
-0.8825 0.4665
-0.38708 0.4665
-0.33292 0.4665
-0.02708 0.4665
0.02708 0.4665
0.24292 0.4665
1.15208 0.4665
1.45792 0.4665
2.36708 0.4665
2.8625 0.4665
2.8625 0.4875
-0.8825 0.4875
5.2

IMD2b
4
-0.8825 0.4875
2.8625 0.4875
2.8625 0.5025
-0.8825 0.5025
4.2

IMD2c
4
-0.8825 0.5025
2.8625 0.5025
2.8625 0.5265
-0.8825 0.5265
3.28

IMD2d1+IMD2d2
4
-0.8825 0.5265
2.8625 0.5265
2.8625 0.6535
-0.8825 0.6535
2.65

IMD3a
4
-0.8825 0.6535
2.8625 0.6535
2.8625 0.6745
-0.8825 0.6745
5.2

IMD3b
4
-0.8825 0.6745
2.8625 0.6745
2.8625 0.6895
-0.8825 0.6895
4.2

IMD3c
4
-0.8825 0.6895
2.8625 0.6895
2.8625 0.7135
-0.8825 0.7135
3.28

IMD3d1
4
-0.8825 0.7135
2.8625 0.7135
2.8625 0.7315
-0.8825 0.7315
2.65

IMD3d1_damage
6
-0.8825 0.7315
2.8625 0.7315
2.8625 0.7415
0.6975 0.7415
0 0.7415
-0.8825 0.7415
3.1


4
-0.8825 0.001
2.8625 0.001
2.8625 0.7415
-0.8825 0.7415

