botcenter
4
0 -0.001
0.945 -0.001
0.945 0.001
0 0.001

7
botleft
4
-5.2025 -0.001
0 -0.001
0 0.001
-5.2025 0.001

botright
4
0.945 -0.001
6.1475 -0.001
6.1475 0.001
0.945 0.001

c1
8
-0.06292 0.3705
0.06292 0.3705
0.065305 0.3955
0.066355 0.4065
0.07208 0.4665
-0.07208 0.4665
-0.066355 0.4065
-0.065305 0.3955

c2
8
0.88208 0.3705
1.00792 0.3705
1.010305 0.3955
1.011355 0.4065
1.01708 0.4665
0.87292 0.4665
0.878645 0.4065
0.879695 0.3955

topleft
4
-5.2025 0.7415
0 0.7415
0 0.8405
-5.2025 0.8405

topcenter
4
0 0.7415
0.945 0.7415
0.945 0.8405
0 0.8405

topright
4
0.945 0.7415
6.1475 0.7415
6.1475 0.8405
0.945 0.8405


21
FOXA+FOXB+TOX
6
-5.2025 0.001
0 0.001
0.945 0.001
6.1475 0.001
6.1475 0.2665
-5.2025 0.2665
4

ILD1a
4
-5.2025 0.2665
6.1475 0.2665
6.1475 0.2765
-5.2025 0.2765
7

ILD1b1+ILD1b2
8
-5.2025 0.2765
6.1475 0.2765
6.1475 0.3705
1.00792 0.3705
0.88208 0.3705
0.06292 0.3705
-0.06292 0.3705
-5.2025 0.3705
4

ILD1b3
4
-5.2025 0.3705
-0.06292 0.3705
-0.065305 0.3955
-5.2025 0.3955
4

ILD1b3
4
0.06292 0.3705
0.88208 0.3705
0.879695 0.3955
0.065305 0.3955
4

ILD1b3
4
1.00792 0.3705
6.1475 0.3705
6.1475 0.3955
1.010305 0.3955
4

IMD1a
4
-5.2025 0.3955
-0.065305 0.3955
-0.066355 0.4065
-5.2025 0.4065
5.2

IMD1a
4
0.065305 0.3955
0.879695 0.3955
0.878645 0.4065
0.066355 0.4065
5.2

IMD1a
4
1.010305 0.3955
6.1475 0.3955
6.1475 0.4065
1.011355 0.4065
5.2

IMD1b
4
-5.2025 0.4065
-0.066355 0.4065
-0.07208 0.4665
-5.2025 0.4665
2.8

IMD1b
4
0.066355 0.4065
0.878645 0.4065
0.87292 0.4665
0.07208 0.4665
2.8

IMD1b
4
1.011355 0.4065
6.1475 0.4065
6.1475 0.4665
1.01708 0.4665
2.8

IMD2a
8
-5.2025 0.4665
-0.07208 0.4665
0.07208 0.4665
0.87292 0.4665
1.01708 0.4665
6.1475 0.4665
6.1475 0.4875
-5.2025 0.4875
5.2

IMD2b
4
-5.2025 0.4875
6.1475 0.4875
6.1475 0.5025
-5.2025 0.5025
4.2

IMD2c
4
-5.2025 0.5025
6.1475 0.5025
6.1475 0.5265
-5.2025 0.5265
3.28

IMD2d1+IMD2d2
4
-5.2025 0.5265
6.1475 0.5265
6.1475 0.6535
-5.2025 0.6535
2.65

IMD3a
4
-5.2025 0.6535
6.1475 0.6535
6.1475 0.6745
-5.2025 0.6745
5.2

IMD3b
4
-5.2025 0.6745
6.1475 0.6745
6.1475 0.6895
-5.2025 0.6895
4.2

IMD3c
4
-5.2025 0.6895
6.1475 0.6895
6.1475 0.7135
-5.2025 0.7135
3.28

IMD3d1
4
-5.2025 0.7135
6.1475 0.7135
6.1475 0.7315
-5.2025 0.7315
2.65

IMD3d1_damage
6
-5.2025 0.7315
6.1475 0.7315
6.1475 0.7415
0.945 0.7415
0 0.7415
-5.2025 0.7415
3.1


4
-5.2025 0.001
6.1475 0.001
6.1475 0.7415
-5.2025 0.7415

