c1
8
-0.01792 0.3705
0.01792 0.3705
0.020305 0.3955
0.021355 0.4065
0.02708 0.4665
-0.02708 0.4665
-0.021355 0.4065
-0.020305 0.3955

4
botleft
4
-5.0675 -0.001
0 -0.001
0 0.001
-5.0675 0.001

botright
4
0 -0.001
9.7925 -0.001
9.7925 0.001
0 0.001

topleft
4
-5.0675 0.7415
0 0.7415
0 0.8405
-5.0675 0.8405

topright
4
0 0.7415
9.7925 0.7415
9.7925 0.8405
0 0.8405


18
FOXA+FOXB+TOX
5
-5.0675 0.001
0 0.001
9.7925 0.001
9.7925 0.2665
-5.0675 0.2665
4

ILD1a
4
-5.0675 0.2665
9.7925 0.2665
9.7925 0.2765
-5.0675 0.2765
7

ILD1b1+ILD1b2
6
-5.0675 0.2765
9.7925 0.2765
9.7925 0.3705
0.01792 0.3705
-0.01792 0.3705
-5.0675 0.3705
4

ILD1b3
4
-5.0675 0.3705
-0.01792 0.3705
-0.020305 0.3955
-5.0675 0.3955
4

ILD1b3
4
0.01792 0.3705
9.7925 0.3705
9.7925 0.3955
0.020305 0.3955
4

IMD1a
4
-5.0675 0.3955
-0.020305 0.3955
-0.021355 0.4065
-5.0675 0.4065
5.2

IMD1a
4
0.020305 0.3955
9.7925 0.3955
9.7925 0.4065
0.021355 0.4065
5.2

IMD1b
4
-5.0675 0.4065
-0.021355 0.4065
-0.02708 0.4665
-5.0675 0.4665
2.8

IMD1b
4
0.021355 0.4065
9.7925 0.4065
9.7925 0.4665
0.02708 0.4665
2.8

IMD2a
6
-5.0675 0.4665
-0.02708 0.4665
0.02708 0.4665
9.7925 0.4665
9.7925 0.4875
-5.0675 0.4875
5.2

IMD2b
4
-5.0675 0.4875
9.7925 0.4875
9.7925 0.5025
-5.0675 0.5025
4.2

IMD2c
4
-5.0675 0.5025
9.7925 0.5025
9.7925 0.5265
-5.0675 0.5265
3.28

IMD2d1+IMD2d2
4
-5.0675 0.5265
9.7925 0.5265
9.7925 0.6535
-5.0675 0.6535
2.65

IMD3a
4
-5.0675 0.6535
9.7925 0.6535
9.7925 0.6745
-5.0675 0.6745
5.2

IMD3b
4
-5.0675 0.6745
9.7925 0.6745
9.7925 0.6895
-5.0675 0.6895
4.2

IMD3c
4
-5.0675 0.6895
9.7925 0.6895
9.7925 0.7135
-5.0675 0.7135
3.28

IMD3d1
4
-5.0675 0.7135
9.7925 0.7135
9.7925 0.7315
-5.0675 0.7315
2.65

IMD3d1_damage
5
-5.0675 0.7315
9.7925 0.7315
9.7925 0.7415
0 0.7415
-5.0675 0.7415
3.1


4
-5.0675 0.001
9.7925 0.001
9.7925 0.7415
-5.0675 0.7415

