c1
8
-0.01792 0.3705
0.01792 0.3705
0.020305 0.3955
0.021355 0.4065
0.02708 0.4665
-0.02708 0.4665
-0.021355 0.4065
-0.020305 0.3955

5
botleft
4
-5.0675 -0.001
0 -0.001
0 0.001
-5.0675 0.001

botright
4
0 -0.001
5.3825 -0.001
5.3825 0.001
0 0.001

c2
8
0.11708 0.3705
0.24292 0.3705
0.245305 0.3955
0.246355 0.4065
0.25208 0.4665
0.10792 0.4665
0.113645 0.4065
0.114695 0.3955

topleft
4
-5.0675 0.7415
0 0.7415
0 0.8405
-5.0675 0.8405

topright
4
0 0.7415
5.3825 0.7415
5.3825 0.8405
0 0.8405


21
FOXA+FOXB+TOX
5
-5.0675 0.001
0 0.001
5.3825 0.001
5.3825 0.2665
-5.0675 0.2665
4

ILD1a
4
-5.0675 0.2665
5.3825 0.2665
5.3825 0.2765
-5.0675 0.2765
7

ILD1b1+ILD1b2
8
-5.0675 0.2765
5.3825 0.2765
5.3825 0.3705
0.24292 0.3705
0.11708 0.3705
0.01792 0.3705
-0.01792 0.3705
-5.0675 0.3705
4

ILD1b3
4
-5.0675 0.3705
-0.01792 0.3705
-0.020305 0.3955
-5.0675 0.3955
4

ILD1b3
4
0.01792 0.3705
0.11708 0.3705
0.114695 0.3955
0.020305 0.3955
4

ILD1b3
4
0.24292 0.3705
5.3825 0.3705
5.3825 0.3955
0.245305 0.3955
4

IMD1a
4
-5.0675 0.3955
-0.020305 0.3955
-0.021355 0.4065
-5.0675 0.4065
5.2

IMD1a
4
0.020305 0.3955
0.114695 0.3955
0.113645 0.4065
0.021355 0.4065
5.2

IMD1a
4
0.245305 0.3955
5.3825 0.3955
5.3825 0.4065
0.246355 0.4065
5.2

IMD1b
4
-5.0675 0.4065
-0.021355 0.4065
-0.02708 0.4665
-5.0675 0.4665
2.8

IMD1b
4
0.021355 0.4065
0.113645 0.4065
0.10792 0.4665
0.02708 0.4665
2.8

IMD1b
4
0.246355 0.4065
5.3825 0.4065
5.3825 0.4665
0.25208 0.4665
2.8

IMD2a
8
-5.0675 0.4665
-0.02708 0.4665
0.02708 0.4665
0.10792 0.4665
0.25208 0.4665
5.3825 0.4665
5.3825 0.4875
-5.0675 0.4875
5.2

IMD2b
4
-5.0675 0.4875
5.3825 0.4875
5.3825 0.5025
-5.0675 0.5025
4.2

IMD2c
4
-5.0675 0.5025
5.3825 0.5025
5.3825 0.5265
-5.0675 0.5265
3.28

IMD2d1+IMD2d2
4
-5.0675 0.5265
5.3825 0.5265
5.3825 0.6535
-5.0675 0.6535
2.65

IMD3a
4
-5.0675 0.6535
5.3825 0.6535
5.3825 0.6745
-5.0675 0.6745
5.2

IMD3b
4
-5.0675 0.6745
5.3825 0.6745
5.3825 0.6895
-5.0675 0.6895
4.2

IMD3c
4
-5.0675 0.6895
5.3825 0.6895
5.3825 0.7135
-5.0675 0.7135
3.28

IMD3d1
4
-5.0675 0.7135
5.3825 0.7135
5.3825 0.7315
-5.0675 0.7315
2.65

IMD3d1_damage
5
-5.0675 0.7315
5.3825 0.7315
5.3825 0.7415
0 0.7415
-5.0675 0.7415
3.1


4
-5.0675 0.001
5.3825 0.001
5.3825 0.7415
-5.0675 0.7415

