c1
8
-0.06292 0.3705
0.06292 0.3705
0.065305 0.3955
0.066355 0.4065
0.07208 0.4665
-0.07208 0.4665
-0.066355 0.4065
-0.065305 0.3955

7
botleft
4
-0.7475 -0.001
0 -0.001
0 0.001
-0.7475 0.001

botright
4
0 -0.001
1.1975 -0.001
1.1975 0.001
0 0.001

lEnv
8
-0.24292 0.3705
-0.11708 0.3705
-0.114695 0.3955
-0.113645 0.4065
-0.10792 0.4665
-0.25208 0.4665
-0.246355 0.4065
-0.245305 0.3955

c2
8
0.38708 0.3705
0.51292 0.3705
0.515305 0.3955
0.516355 0.4065
0.52208 0.4665
0.37792 0.4665
0.383645 0.4065
0.384695 0.3955

rEnv
8
0.56708 0.3705
0.69292 0.3705
0.695305 0.3955
0.696355 0.4065
0.70208 0.4665
0.55792 0.4665
0.563645 0.4065
0.564695 0.3955

topleft
4
-0.7475 0.7415
0 0.7415
0 0.8405
-0.7475 0.8405

topright
4
0 0.7415
1.1975 0.7415
1.1975 0.8405
0 0.8405


29
FOXA+FOXB+TOX
7
-0.7476 0.001
-0.7475 0.001
0 0.001
1.1975 0.001
1.1976 0.001
1.1976 0.2665
-0.7476 0.2665
4

ILD1a
4
-0.7476 0.2665
1.1976 0.2665
1.1976 0.2765
-0.7476 0.2765
7

ILD1b1+ILD1b2
12
-0.7476 0.2765
1.1976 0.2765
1.1976 0.3705
0.69292 0.3705
0.56708 0.3705
0.51292 0.3705
0.38708 0.3705
0.06292 0.3705
-0.06292 0.3705
-0.11708 0.3705
-0.24292 0.3705
-0.7476 0.3705
4

ILD1b3
4
-0.7476 0.3705
-0.24292 0.3705
-0.245305 0.3955
-0.7476 0.3955
4

ILD1b3
4
-0.11708 0.3705
-0.06292 0.3705
-0.065305 0.3955
-0.114695 0.3955
4

ILD1b3
4
0.06292 0.3705
0.38708 0.3705
0.384695 0.3955
0.065305 0.3955
4

ILD1b3
4
0.51292 0.3705
0.56708 0.3705
0.564695 0.3955
0.515305 0.3955
4

ILD1b3
4
0.69292 0.3705
1.1976 0.3705
1.1976 0.3955
0.695305 0.3955
4

IMD1a
4
-0.7476 0.3955
-0.245305 0.3955
-0.246355 0.4065
-0.7476 0.4065
5.2

IMD1a
4
-0.114695 0.3955
-0.065305 0.3955
-0.066355 0.4065
-0.113645 0.4065
5.2

IMD1a
4
0.065305 0.3955
0.384695 0.3955
0.383645 0.4065
0.066355 0.4065
5.2

IMD1a
4
0.515305 0.3955
0.564695 0.3955
0.563645 0.4065
0.516355 0.4065
5.2

IMD1a
4
0.695305 0.3955
1.1976 0.3955
1.1976 0.4065
0.696355 0.4065
5.2

IMD1b
4
-0.7476 0.4065
-0.246355 0.4065
-0.25208 0.4665
-0.7476 0.4665
2.8

IMD1b
4
-0.113645 0.4065
-0.066355 0.4065
-0.07208 0.4665
-0.10792 0.4665
2.8

IMD1b
4
0.066355 0.4065
0.383645 0.4065
0.37792 0.4665
0.07208 0.4665
2.8

IMD1b
4
0.516355 0.4065
0.563645 0.4065
0.55792 0.4665
0.52208 0.4665
2.8

IMD1b
4
0.696355 0.4065
1.1976 0.4065
1.1976 0.4665
0.70208 0.4665
2.8

IMD2a
12
-0.7476 0.4665
-0.25208 0.4665
-0.10792 0.4665
-0.07208 0.4665
0.07208 0.4665
0.37792 0.4665
0.52208 0.4665
0.55792 0.4665
0.70208 0.4665
1.1976 0.4665
1.1976 0.4875
-0.7476 0.4875
5.2

IMD2b
4
-0.7476 0.4875
1.1976 0.4875
1.1976 0.5025
-0.7476 0.5025
4.2

IMD2c
4
-0.7476 0.5025
1.1976 0.5025
1.1976 0.5265
-0.7476 0.5265
3.28

IMD2d1+IMD2d2
4
-0.7476 0.5265
1.1976 0.5265
1.1976 0.6535
-0.7476 0.6535
2.65

IMD3a
4
-0.7476 0.6535
1.1976 0.6535
1.1976 0.6745
-0.7476 0.6745
5.2

IMD3b
4
-0.7476 0.6745
1.1976 0.6745
1.1976 0.6895
-0.7476 0.6895
4.2

IMD3c
4
-0.7476 0.6895
1.1976 0.6895
1.1976 0.7135
-0.7476 0.7135
3.28

IMD3d1
6
-0.7476 0.7135
1.1976 0.7135
1.1976 0.7315
1.1975 0.7315
-0.7475 0.7315
-0.7476 0.7315
2.65

IMD3d1
4
-0.7476 0.7315
-0.7475 0.7315
-0.7475 0.7415
-0.7476 0.7415
2.65

IMD3d1_damage
5
-0.7475 0.7315
1.1975 0.7315
1.1975 0.7415
0 0.7415
-0.7475 0.7415
3.1

IMD3d1
4
1.1975 0.7315
1.1976 0.7315
1.1976 0.7415
1.1975 0.7415
2.65


4
-0.7476 0.001
1.1976 0.001
1.1976 0.7415
-0.7476 0.7415

