botcenter
4
0 -0.001
1.3275 -0.001
1.3275 0.001
0 0.001

7
botleft
4
-6.35 -0.001
0 -0.001
0 0.001
-6.35 0.001

botright
4
1.3275 -0.001
6.53 -0.001
6.53 0.001
1.3275 0.001

c1
8
-0.44542 0.3705
0.44542 0.3705
0.447805 0.3955
0.448855 0.4065
0.45458 0.4665
-0.45458 0.4665
-0.448855 0.4065
-0.447805 0.3955

c2
8
1.26458 0.3705
1.39042 0.3705
1.392805 0.3955
1.393855 0.4065
1.39958 0.4665
1.25542 0.4665
1.261145 0.4065
1.262195 0.3955

topleft
4
-6.35 0.7415
0 0.7415
0 0.8405
-6.35 0.8405

topcenter
4
0 0.7415
1.3275 0.7415
1.3275 0.8405
0 0.8405

topright
4
1.3275 0.7415
6.53 0.7415
6.53 0.8405
1.3275 0.8405


21
FOXA+FOXB+TOX
6
-6.35 0.001
0 0.001
1.3275 0.001
6.53 0.001
6.53 0.2665
-6.35 0.2665
4

ILD1a
4
-6.35 0.2665
6.53 0.2665
6.53 0.2765
-6.35 0.2765
7

ILD1b1+ILD1b2
8
-6.35 0.2765
6.53 0.2765
6.53 0.3705
1.39042 0.3705
1.26458 0.3705
0.44542 0.3705
-0.44542 0.3705
-6.35 0.3705
4

ILD1b3
4
-6.35 0.3705
-0.44542 0.3705
-0.447805 0.3955
-6.35 0.3955
4

ILD1b3
4
0.44542 0.3705
1.26458 0.3705
1.262195 0.3955
0.447805 0.3955
4

ILD1b3
4
1.39042 0.3705
6.53 0.3705
6.53 0.3955
1.392805 0.3955
4

IMD1a
4
-6.35 0.3955
-0.447805 0.3955
-0.448855 0.4065
-6.35 0.4065
5.2

IMD1a
4
0.447805 0.3955
1.262195 0.3955
1.261145 0.4065
0.448855 0.4065
5.2

IMD1a
4
1.392805 0.3955
6.53 0.3955
6.53 0.4065
1.393855 0.4065
5.2

IMD1b
4
-6.35 0.4065
-0.448855 0.4065
-0.45458 0.4665
-6.35 0.4665
2.8

IMD1b
4
0.448855 0.4065
1.261145 0.4065
1.25542 0.4665
0.45458 0.4665
2.8

IMD1b
4
1.393855 0.4065
6.53 0.4065
6.53 0.4665
1.39958 0.4665
2.8

IMD2a
8
-6.35 0.4665
-0.45458 0.4665
0.45458 0.4665
1.25542 0.4665
1.39958 0.4665
6.53 0.4665
6.53 0.4875
-6.35 0.4875
5.2

IMD2b
4
-6.35 0.4875
6.53 0.4875
6.53 0.5025
-6.35 0.5025
4.2

IMD2c
4
-6.35 0.5025
6.53 0.5025
6.53 0.5265
-6.35 0.5265
3.28

IMD2d1+IMD2d2
4
-6.35 0.5265
6.53 0.5265
6.53 0.6535
-6.35 0.6535
2.65

IMD3a
4
-6.35 0.6535
6.53 0.6535
6.53 0.6745
-6.35 0.6745
5.2

IMD3b
4
-6.35 0.6745
6.53 0.6745
6.53 0.6895
-6.35 0.6895
4.2

IMD3c
4
-6.35 0.6895
6.53 0.6895
6.53 0.7135
-6.35 0.7135
3.28

IMD3d1
4
-6.35 0.7135
6.53 0.7135
6.53 0.7315
-6.35 0.7315
2.65

IMD3d1_damage
6
-6.35 0.7315
6.53 0.7315
6.53 0.7415
1.3275 0.7415
0 0.7415
-6.35 0.7415
3.1


4
-6.35 0.001
6.53 0.001
6.53 0.7415
-6.35 0.7415

