0.6535	 0.8405	 0.04500000  0.04500000  0.02250000  0.04500000  |  -0.15091280 -0.01341997 -0.00283006 0.00000178  -0.00402955 
0.6535	 0.8405	 0.04500000  0.04500000  0.02250000  0.31500000  |  -0.15620721 -0.01507752 -0.00450923 -0.00000666 -0.00152215 
0.6535	 0.8405	 0.04500000  0.04500000  0.02250000  4.50000000  |  -0.15529723 -0.01612459 -0.00498469 0.00000384  0.00000000  
0.6535	 0.8405	 0.04500000  0.04500000  0.04050000  0.04500000  |  -0.08729275 -0.01573893 -0.00312926 0.00000289  -0.00369633 
0.6535	 0.8405	 0.04500000  0.04500000  0.04050000  0.31500000  |  -0.09074474 -0.01754334 -0.00479816 -0.00000746 -0.00150076 
0.6535	 0.8405	 0.04500000  0.04500000  0.04050000  4.50000000  |  -0.09107073 -0.01861005 -0.00525994 -0.00000693 0.00000000  
0.6535	 0.8405	 0.04500000  0.04500000  0.04500000  0.04500000  |  -0.07900017 -0.01633074 -0.00320739 0.00000239  -0.00363783 
0.6535	 0.8405	 0.04500000  0.04500000  0.04500000  0.31500000  |  -0.08240073 -0.01802598 -0.00487211 -0.00000759 -0.00148312 
0.6535	 0.8405	 0.04500000  0.04500000  0.04500000  4.50000000  |  -0.08300847 -0.01911960 -0.00535513 -0.00000521 0.00000000  
0.6535	 0.8405	 0.04500000  0.04500000  0.09000000  0.04500000  |  -0.03943449 -0.02182348 -0.00390273 -0.00000178 -0.00301451 
0.6535	 0.8405	 0.04500000  0.04500000  0.09000000  0.31500000  |  -0.04220593 -0.02334022 -0.00556511 -0.00001507 -0.00132439 
0.6535	 0.8405	 0.04500000  0.04500000  0.09000000  4.50000000  |  -0.04251705 -0.02424481 -0.00603200 -0.00001577 0.00000000  
0.6535	 0.8405	 0.04500000  0.04500000  0.13500000  0.04500000  |  -0.02442067 -0.02642506 -0.00452267 -0.00004342 -0.00261028 
0.6535	 0.8405	 0.04500000  0.04500000  0.13500000  0.31500000  |  -0.02692771 -0.02769123 -0.00627542 -0.00005915 -0.00117154 
0.6535	 0.8405	 0.04500000  0.04500000  0.13500000  4.50000000  |  -0.02717282 -0.02855317 -0.00663936 -0.00005289 0.00000000  
0.6535	 0.8405	 0.04500000  0.04500000  0.18000000  0.04500000  |  -0.01637682 -0.02996483 -0.00508081 -0.00017529 -0.00222562 
0.6535	 0.8405	 0.04500000  0.04500000  0.18000000  0.31500000  |  -0.01845554 -0.03122850 -0.00682843 -0.00018273 -0.00104704 
0.6535	 0.8405	 0.04500000  0.04500000  0.18000000  4.50000000  |  -0.01873480 -0.03198146 -0.00720507 -0.00020181 0.00000000  
0.6535	 0.8405	 0.04500000  0.04500000  0.22500000  0.04500000  |  -0.01153381 -0.03253997 -0.00553993 -0.00040866 -0.00187736 
0.6535	 0.8405	 0.04500000  0.04500000  0.22500000  0.31500000  |  -0.01328049 -0.03391544 -0.00729126 -0.00046713 -0.00092903 
0.6535	 0.8405	 0.04500000  0.04500000  0.22500000  4.50000000  |  -0.01359174 -0.03449063 -0.00767681 -0.00047969 0.00000000  
0.6535	 0.8405	 0.04500000  0.04500000  0.31500000  0.04500000  |  -0.00618661 -0.03569484 -0.00624250 -0.00142262 -0.00129997 
0.6535	 0.8405	 0.04500000  0.04500000  0.31500000  0.31500000  |  -0.00760837 -0.03730882 -0.00802698 -0.00151597 -0.00069582 
0.6535	 0.8405	 0.04500000  0.04500000  0.31500000  4.50000000  |  -0.00755519 -0.03762841 -0.00835088 -0.00148675 0.00000000  
0.6535	 0.8405	 0.04500000  0.04500000  0.45000000  0.04500000  |  -0.00284873 -0.03821580 -0.00687727 -0.00404883 -0.00072989 
0.6535	 0.8405	 0.04500000  0.04500000  0.45000000  0.31500000  |  -0.00367281 -0.04015762 -0.00869428 -0.00408736 -0.00032963 
0.6535	 0.8405	 0.04500000  0.04500000  0.45000000  4.50000000  |  -0.00373815 -0.04044664 -0.00900646 -0.00415916 0.00000000  
0.6535	 0.8405	 0.04500000  0.04500000  0.63000000  0.04500000  |  -0.00119883 -0.03967714 -0.00728979 -0.00927899 -0.00035022 
0.6535	 0.8405	 0.04500000  0.04500000  0.63000000  0.31500000  |  -0.00150835 -0.04177242 -0.00913840 -0.00938580 -0.00016310 
0.6535	 0.8405	 0.04500000  0.04500000  0.63000000  4.50000000  |  -0.00158215 -0.04199378 -0.00938466 -0.00945609 0.00000000  
0.6535	 0.8405	 0.04500000  0.04500000  0.81000000  0.04500000  |  -0.00052789 -0.04057028 -0.00748741 -0.01571741 -0.00016300 
0.6535	 0.8405	 0.04500000  0.04500000  0.81000000  0.31500000  |  -0.00069272 -0.04245674 -0.00933573 -0.01586880 -0.00007580 
0.6535	 0.8405	 0.04500000  0.04500000  0.81000000  4.50000000  |  -0.00069060 -0.04264264 -0.00958047 -0.01586891 0.00000000  
0.6535	 0.8405	 0.04500000  0.04500000  4.50000000  0.04500000  |  0.00000000  -0.04067089 -0.00763313 -0.18861644 0.00000000  
0.6535	 0.8405	 0.04500000  0.04500000  4.50000000  0.31500000  |  0.00000000  -0.04306968 -0.00949523 -0.18880090 0.00000000  
0.6535	 0.8405	 0.04500000  0.04500000  4.50000000  4.50000000  |  0.00000000  -0.04285372 -0.00978957 -0.18848605 0.00000000  
0.6535	 0.8405	 0.04500000  0.13500000  0.02250000  0.04500000  |  -0.15479051 -0.01279406 -0.00257623 0.00000076  -0.00156165 
0.6535	 0.8405	 0.04500000  0.13500000  0.02250000  0.31500000  |  -0.15814555 -0.01371413 -0.00411606 0.00001232  -0.00086739 
0.6535	 0.8405	 0.04500000  0.13500000  0.02250000  4.50000000  |  -0.15874084 -0.01437729 -0.00447652 -0.00000492 0.00000000  
0.6535	 0.8405	 0.04500000  0.13500000  0.04050000  0.04500000  |  -0.09052621 -0.01514215 -0.00286107 0.00000038  -0.00149307 
0.6535	 0.8405	 0.04500000  0.13500000  0.04050000  0.31500000  |  -0.09350334 -0.01641225 -0.00442610 0.00000801  -0.00084922 
0.6535	 0.8405	 0.04500000  0.13500000  0.04050000  4.50000000  |  -0.09376243 -0.01701529 -0.00478479 -0.00000461 0.00000000  
0.6535	 0.8405	 0.04500000  0.13500000  0.04500000  0.04500000  |  -0.08228530 -0.01571139 -0.00293314 0.00001978  -0.00148412 
0.6535	 0.8405	 0.04500000  0.13500000  0.04500000  0.31500000  |  -0.08506050 -0.01693085 -0.00450214 0.00001319  -0.00085212 
0.6535	 0.8405	 0.04500000  0.13500000  0.04500000  4.50000000  |  -0.08560086 -0.01754210 -0.00485978 -0.00000356 0.00000000  
0.6535	 0.8405	 0.04500000  0.13500000  0.09000000  0.04500000  |  -0.04213228 -0.02121869 -0.00363458 0.00000019  -0.00138191 
0.6535	 0.8405	 0.04500000  0.13500000  0.09000000  0.31500000  |  -0.04484344 -0.02243708 -0.00521923 -0.00000659 -0.00078561 
0.6535	 0.8405	 0.04500000  0.13500000  0.09000000  4.50000000  |  -0.04455054 -0.02301111 -0.00560701 -0.00000966 0.00000000  
0.6535	 0.8405	 0.04500000  0.13500000  0.13500000  0.04500000  |  -0.02655177 -0.02594359 -0.00426620 -0.00003938 -0.00135816 
0.6535	 0.8405	 0.04500000  0.13500000  0.13500000  0.31500000  |  -0.02859420 -0.02706983 -0.00590517 -0.00005474 -0.00074106 
0.6535	 0.8405	 0.04500000  0.13500000  0.13500000  4.50000000  |  -0.02879113 -0.02729763 -0.00624685 -0.00006206 0.00000000  
0.6535	 0.8405	 0.04500000  0.13500000  0.18000000  0.04500000  |  -0.01818000 -0.02950198 -0.00484044 -0.00019172 -0.00124224 
0.6535	 0.8405	 0.04500000  0.13500000  0.18000000  0.31500000  |  -0.02006939 -0.03060762 -0.00649318 -0.00022013 -0.00066976 
0.6535	 0.8405	 0.04500000  0.13500000  0.18000000  4.50000000  |  -0.02025554 -0.03101927 -0.00686923 -0.00026124 0.00000000  
0.6535	 0.8405	 0.04500000  0.13500000  0.22500000  0.04500000  |  -0.01295204 -0.03218686 -0.00532819 -0.00049720 -0.00109407 
0.6535	 0.8405	 0.04500000  0.13500000  0.22500000  0.31500000  |  -0.01468478 -0.03352297 -0.00702633 -0.00051076 -0.00057245 
0.6535	 0.8405	 0.04500000  0.13500000  0.22500000  4.50000000  |  -0.01473084 -0.03334894 -0.00735943 -0.00052907 0.00000000  
0.6535	 0.8405	 0.04500000  0.13500000  0.31500000  0.04500000  |  -0.00719683 -0.03566363 -0.00606922 -0.00158745 -0.00083548 
0.6535	 0.8405	 0.04500000  0.13500000  0.31500000  0.31500000  |  -0.00821121 -0.03723367 -0.00783317 -0.00161664 -0.00040745 
0.6535	 0.8405	 0.04500000  0.13500000  0.31500000  4.50000000  |  -0.00848347 -0.03743270 -0.00811506 -0.00160747 0.00000000  
0.6535	 0.8405	 0.04500000  0.13500000  0.45000000  0.04500000  |  -0.00326922 -0.03814633 -0.00677104 -0.00433357 -0.00052899 
0.6535	 0.8405	 0.04500000  0.13500000  0.45000000  0.31500000  |  -0.00393091 -0.04003955 -0.00855661 -0.00438068 -0.00027527 
0.6535	 0.8405	 0.04500000  0.13500000  0.45000000  4.50000000  |  -0.00397234 -0.04037751 -0.00882259 -0.00441186 0.00000000  
0.6535	 0.8405	 0.04500000  0.13500000  0.63000000  0.04500000  |  -0.00138787 -0.03990386 -0.00724388 -0.00972018 -0.00022802 
0.6535	 0.8405	 0.04500000  0.13500000  0.63000000  0.31500000  |  -0.00161726 -0.04175787 -0.00908440 -0.00979304 -0.00011346 
0.6535	 0.8405	 0.04500000  0.13500000  0.63000000  4.50000000  |  -0.00179054 -0.04205235 -0.00937576 -0.00975234 0.00000000  
0.6535	 0.8405	 0.04500000  0.13500000  0.81000000  0.04500000  |  -0.00064212 -0.04049627 -0.00746130 -0.01611137 -0.00010381 
0.6535	 0.8405	 0.04500000  0.13500000  0.81000000  0.31500000  |  -0.00067047 -0.04252374 -0.00932381 -0.01620820 -0.00005726 
0.6535	 0.8405	 0.04500000  0.13500000  0.81000000  4.50000000  |  -0.00054331 -0.04242950 -0.00962338 -0.01630566 0.00000000  
0.6535	 0.8405	 0.04500000  0.13500000  4.50000000  0.04500000  |  0.00000000  -0.04078330 -0.00766811 -0.19063302 0.00000000  
0.6535	 0.8405	 0.04500000  0.13500000  4.50000000  0.31500000  |  0.00000000  -0.04303189 -0.00947814 -0.19072341 0.00000000  
0.6535	 0.8405	 0.04500000  0.13500000  4.50000000  4.50000000  |  0.00000000  -0.04292554 -0.00978846 -0.19074734 0.00000000  
0.6535	 0.8405	 0.04500000  0.90000000  0.02250000  0.04500000  |  -0.15752164 -0.01247935 -0.00243458 0.00000241  -0.00001898 
0.6535	 0.8405	 0.04500000  0.90000000  0.02250000  0.31500000  |  -0.16052628 -0.01328376 -0.00375966 0.00002484  -0.00002555 
0.6535	 0.8405	 0.04500000  0.90000000  0.02250000  4.50000000  |  -0.16085753 -0.01332544 -0.00394392 0.00000511  0.00000000  
0.6535	 0.8405	 0.04500000  0.90000000  0.04050000  0.04500000  |  -0.09273172 -0.01484961 -0.00272495 0.00000173  -0.00002024 
0.6535	 0.8405	 0.04500000  0.90000000  0.04050000  0.31500000  |  -0.09582270 -0.01573716 -0.00406864 0.00002587  -0.00002594 
0.6535	 0.8405	 0.04500000  0.90000000  0.04050000  4.50000000  |  -0.09558911 -0.01592012 -0.00428384 0.00000310  0.00000000  
0.6535	 0.8405	 0.04500000  0.90000000  0.04500000  0.04500000  |  -0.08446470 -0.01543489 -0.00279623 0.00000085  -0.00002063 
0.6535	 0.8405	 0.04500000  0.90000000  0.04500000  0.31500000  |  -0.08706802 -0.01631503 -0.00416182 0.00002581  -0.00002605 
0.6535	 0.8405	 0.04500000  0.90000000  0.04500000  4.50000000  |  -0.08715528 -0.01656304 -0.00436232 0.00000309  0.00000000  
0.6535	 0.8405	 0.04500000  0.90000000  0.09000000  0.04500000  |  -0.04402581 -0.02105715 -0.00348787 0.00002087  -0.00002944 
0.6535	 0.8405	 0.04500000  0.90000000  0.09000000  0.31500000  |  -0.04642498 -0.02198383 -0.00490093 -0.00002804 -0.00002663 
0.6535	 0.8405	 0.04500000  0.90000000  0.09000000  4.50000000  |  -0.04599913 -0.02206681 -0.00508872 -0.00002754 0.00000000  
0.6535	 0.8405	 0.04500000  0.90000000  0.13500000  0.04500000  |  -0.02831630 -0.02540427 -0.00414364 -0.00011345 -0.00002093 
0.6535	 0.8405	 0.04500000  0.90000000  0.13500000  0.31500000  |  -0.03040262 -0.02666883 -0.00560850 -0.00014560 -0.00002756 
0.6535	 0.8405	 0.04500000  0.90000000  0.13500000  4.50000000  |  -0.03036634 -0.02664222 -0.00580742 -0.00013294 0.00000000  
0.6535	 0.8405	 0.04500000  0.90000000  0.18000000  0.04500000  |  -0.01966239 -0.02907183 -0.00471922 -0.00031541 -0.00001865 
0.6535	 0.8405	 0.04500000  0.90000000  0.18000000  0.31500000  |  -0.02119495 -0.03033843 -0.00622504 -0.00051253 -0.00002381 
0.6535	 0.8405	 0.04500000  0.90000000  0.18000000  4.50000000  |  -0.02146640 -0.03036125 -0.00643699 -0.00038412 0.00000000  
0.6535	 0.8405	 0.04500000  0.90000000  0.22500000  0.04500000  |  -0.01427212 -0.03169023 -0.00523549 -0.00076449 -0.00001945 
0.6535	 0.8405	 0.04500000  0.90000000  0.22500000  0.31500000  |  -0.01568651 -0.03311689 -0.00678564 -0.00077929 -0.00002519 
0.6535	 0.8405	 0.04500000  0.90000000  0.22500000  4.50000000  |  -0.01572079 -0.03324713 -0.00700055 -0.00083001 0.00000000  
0.6535	 0.8405	 0.04500000  0.90000000  0.31500000  0.04500000  |  -0.00821315 -0.03525298 -0.00599474 -0.00226193 -0.00001601 
0.6535	 0.8405	 0.04500000  0.90000000  0.31500000  0.31500000  |  -0.00917008 -0.03678180 -0.00763071 -0.00217443 -0.00001934 
0.6535	 0.8405	 0.04500000  0.90000000  0.31500000  4.50000000  |  -0.00913766 -0.03680527 -0.00786414 -0.00219406 0.00000000  
0.6535	 0.8405	 0.04500000  0.90000000  0.45000000  0.04500000  |  -0.00407160 -0.03792447 -0.00673456 -0.00541426 -0.00001386 
0.6535	 0.8405	 0.04500000  0.90000000  0.45000000  0.31500000  |  -0.00454100 -0.03974027 -0.00843906 -0.00543914 -0.00001578 
0.6535	 0.8405	 0.04500000  0.90000000  0.45000000  4.50000000  |  -0.00452677 -0.03953929 -0.00871147 -0.00574719 0.00000000  
0.6535	 0.8405	 0.04500000  0.90000000  0.63000000  0.04500000  |  -0.00171535 -0.03990560 -0.00720224 -0.01124991 -0.00001868 
0.6535	 0.8405	 0.04500000  0.90000000  0.63000000  0.31500000  |  -0.00196759 -0.04160402 -0.00900651 -0.01118798 -0.00001245 
0.6535	 0.8405	 0.04500000  0.90000000  0.63000000  4.50000000  |  -0.00204069 -0.04161678 -0.00923278 -0.01139713 0.00000000  
0.6535	 0.8405	 0.04500000  0.90000000  0.81000000  0.04500000  |  -0.00078915 -0.04021157 -0.00745262 -0.01789337 -0.00001024 
0.6535	 0.8405	 0.04500000  0.90000000  0.81000000  0.31500000  |  -0.00096651 -0.04208039 -0.00929485 -0.01803946 -0.00000882 
0.6535	 0.8405	 0.04500000  0.90000000  0.81000000  4.50000000  |  -0.00091994 -0.04246088 -0.00949235 -0.01806070 0.00000000  
0.6535	 0.8405	 0.04500000  0.90000000  4.50000000  0.04500000  |  0.00000000  -0.04116170 -0.00765326 -0.20667029 0.00000000  
0.6535	 0.8405	 0.04500000  0.90000000  4.50000000  0.31500000  |  0.00000000  -0.04301903 -0.00950728 -0.20701224 0.00000000  
0.6535	 0.8405	 0.04500000  0.90000000  4.50000000  4.50000000  |  0.00000000  -0.04287954 -0.00959893 -0.20672218 0.00000000  
0.6535	 0.8405	 0.13500000  0.04500000  0.02250000  0.04500000  |  -0.15441533 -0.02949267 -0.00571759 0.00000015  -0.00565500 
0.6535	 0.8405	 0.13500000  0.04500000  0.02250000  0.31500000  |  -0.15787252 -0.03017435 -0.00739428 0.00001231  -0.00205221 
0.6535	 0.8405	 0.13500000  0.04500000  0.02250000  4.50000000  |  -0.15839783 -0.03179224 -0.00799932 -0.00000377 0.00000000  
0.6535	 0.8405	 0.13500000  0.04500000  0.04050000  0.04500000  |  -0.08999286 -0.03206275 -0.00602890 0.00000038  -0.00510062 
0.6535	 0.8405	 0.13500000  0.04500000  0.04050000  0.31500000  |  -0.09290210 -0.03271933 -0.00767616 0.00001549  -0.00191663 
0.6535	 0.8405	 0.13500000  0.04500000  0.04050000  4.50000000  |  -0.09404399 -0.03404644 -0.00825791 -0.00000542 0.00000000  
0.6535	 0.8405	 0.13500000  0.04500000  0.04500000  0.04500000  |  -0.08171811 -0.03282893 -0.00610446 0.00000010  -0.00497206 
0.6535	 0.8405	 0.13500000  0.04500000  0.04500000  0.31500000  |  -0.08452079 -0.03350428 -0.00774858 0.00001319  -0.00188170 
0.6535	 0.8405	 0.13500000  0.04500000  0.04500000  4.50000000  |  -0.08507692 -0.03473534 -0.00833144 -0.00000356 0.00000000  
0.6535	 0.8405	 0.13500000  0.04500000  0.09000000  0.04500000  |  -0.04191861 -0.03872385 -0.00684706 0.00000033  -0.00403454 
0.6535	 0.8405	 0.13500000  0.04500000  0.09000000  0.31500000  |  -0.04392659 -0.03942983 -0.00850139 -0.00000660 -0.00168576 
0.6535	 0.8405	 0.13500000  0.04500000  0.09000000  4.50000000  |  -0.04432518 -0.04010433 -0.00896432 -0.00000966 0.00000000  
0.6535	 0.8405	 0.13500000  0.04500000  0.13500000  0.04500000  |  -0.02625347 -0.04357792 -0.00755261 -0.00003949 -0.00334438 
0.6535	 0.8405	 0.13500000  0.04500000  0.13500000  0.31500000  |  -0.02829665 -0.04418427 -0.00915663 -0.00005473 -0.00138476 
0.6535	 0.8405	 0.13500000  0.04500000  0.13500000  4.50000000  |  -0.02833279 -0.04464261 -0.00961541 -0.00006206 0.00000000  
0.6535	 0.8405	 0.13500000  0.04500000  0.18000000  0.04500000  |  -0.01791415 -0.04738195 -0.00820752 -0.00019169 -0.00272477 
0.6535	 0.8405	 0.13500000  0.04500000  0.18000000  0.31500000  |  -0.01969039 -0.04752015 -0.00980741 -0.00022012 -0.00118120 
0.6535	 0.8405	 0.13500000  0.04500000  0.18000000  4.50000000  |  -0.02002651 -0.04845569 -0.01020482 -0.00026116 0.00000000  
0.6535	 0.8405	 0.13500000  0.04500000  0.22500000  0.04500000  |  -0.01281513 -0.05004293 -0.00874022 -0.00049689 -0.00230446 
0.6535	 0.8405	 0.13500000  0.04500000  0.22500000  0.31500000  |  -0.01439586 -0.05042860 -0.01034214 -0.00051075 -0.00100074 
0.6535	 0.8405	 0.13500000  0.04500000  0.22500000  4.50000000  |  -0.01460870 -0.05111331 -0.01072391 -0.00052901 0.00000000  
0.6535	 0.8405	 0.13500000  0.04500000  0.31500000  0.04500000  |  -0.00722486 -0.05381290 -0.00955209 -0.00158707 -0.00149880 
0.6535	 0.8405	 0.13500000  0.04500000  0.31500000  0.31500000  |  -0.00830681 -0.05406238 -0.01114807 -0.00158227 -0.00070174 
0.6535	 0.8405	 0.13500000  0.04500000  0.31500000  4.50000000  |  -0.00851584 -0.05448664 -0.01148495 -0.00160756 0.00000000  
0.6535	 0.8405	 0.13500000  0.04500000  0.45000000  0.04500000  |  -0.00346399 -0.05658708 -0.01028958 -0.00433819 -0.00079165 
0.6535	 0.8405	 0.13500000  0.04500000  0.45000000  0.31500000  |  -0.00397987 -0.05707469 -0.01187541 -0.00438094 -0.00042560 
0.6535	 0.8405	 0.13500000  0.04500000  0.45000000  4.50000000  |  -0.00412858 -0.05734632 -0.01223710 -0.00441163 0.00000000  
0.6535	 0.8405	 0.13500000  0.04500000  0.63000000  0.04500000  |  -0.00144573 -0.05828533 -0.01082007 -0.00970846 -0.00035723 
0.6535	 0.8405	 0.13500000  0.04500000  0.63000000  0.31500000  |  -0.00180196 -0.05875129 -0.01241736 -0.00979250 -0.00018399 
0.6535	 0.8405	 0.13500000  0.04500000  0.63000000  4.50000000  |  -0.00187959 -0.05894620 -0.01265924 -0.00975171 0.00000000  
0.6535	 0.8405	 0.13500000  0.04500000  0.81000000  0.04500000  |  -0.00064716 -0.05904064 -0.01103881 -0.01610489 -0.00013867 
0.6535	 0.8405	 0.13500000  0.04500000  0.81000000  0.31500000  |  -0.00091972 -0.05940768 -0.01262865 -0.01620825 -0.00009492 
0.6535	 0.8405	 0.13500000  0.04500000  0.81000000  4.50000000  |  -0.00086865 -0.05966619 -0.01286826 -0.01629858 0.00000000  
0.6535	 0.8405	 0.13500000  0.04500000  4.50000000  0.04500000  |  0.00000000  -0.05942555 -0.01123669 -0.18906401 0.00000000  
0.6535	 0.8405	 0.13500000  0.04500000  4.50000000  0.31500000  |  0.00000000  -0.06014141 -0.01283735 -0.18910099 0.00000000  
0.6535	 0.8405	 0.13500000  0.04500000  4.50000000  4.50000000  |  0.00000000  -0.06018948 -0.01307594 -0.18896026 0.00000000  
0.6535	 0.8405	 0.13500000  0.13500000  0.02250000  0.04500000  |  -0.15891614 -0.02838449 -0.00530459 0.00001166  -0.00251046 
0.6535	 0.8405	 0.13500000  0.13500000  0.02250000  0.31500000  |  -0.16119027 -0.02897750 -0.00684901 0.00001592  -0.00112655 
0.6535	 0.8405	 0.13500000  0.13500000  0.02250000  4.50000000  |  -0.16108137 -0.02944954 -0.00731472 -0.00000077 0.00000000  
0.6535	 0.8405	 0.13500000  0.13500000  0.04050000  0.04500000  |  -0.09453985 -0.03117746 -0.00562965 0.00001160  -0.00235658 
0.6535	 0.8405	 0.13500000  0.13500000  0.04050000  0.31500000  |  -0.09656900 -0.03178190 -0.00716131 0.00001765  -0.00107973 
0.6535	 0.8405	 0.13500000  0.13500000  0.04050000  4.50000000  |  -0.09702750 -0.03249516 -0.00762560 0.00000527  0.00000000  
0.6535	 0.8405	 0.13500000  0.13500000  0.04500000  0.04500000  |  -0.08610100 -0.03186998 -0.00570502 0.00001152  -0.00232278 
0.6535	 0.8405	 0.13500000  0.13500000  0.04500000  0.31500000  |  -0.08826558 -0.03243441 -0.00725262 0.00001806  -0.00107131 
0.6535	 0.8405	 0.13500000  0.13500000  0.04500000  4.50000000  |  -0.08787056 -0.03296281 -0.00769469 0.00000536  0.00000000  
0.6535	 0.8405	 0.13500000  0.13500000  0.09000000  0.04500000  |  -0.04498022 -0.03818486 -0.00647725 0.00000395  -0.00207420 
0.6535	 0.8405	 0.13500000  0.13500000  0.09000000  0.31500000  |  -0.04648134 -0.03829966 -0.00804779 0.00001612  -0.00094709 
0.6535	 0.8405	 0.13500000  0.13500000  0.09000000  4.50000000  |  -0.04669218 -0.03904099 -0.00846414 -0.00000693 0.00000000  
0.6535	 0.8405	 0.13500000  0.13500000  0.13500000  0.04500000  |  -0.02874825 -0.04285869 -0.00721392 -0.00005530 -0.00188939 
0.6535	 0.8405	 0.13500000  0.13500000  0.13500000  0.31500000  |  -0.03070423 -0.04313506 -0.00877143 -0.00007306 -0.00087701 
0.6535	 0.8405	 0.13500000  0.13500000  0.13500000  4.50000000  |  -0.03058039 -0.04383999 -0.00916568 -0.00006295 0.00000000  
0.6535	 0.8405	 0.13500000  0.13500000  0.18000000  0.04500000  |  -0.02012748 -0.04656566 -0.00788457 -0.00025185 -0.00161497 
0.6535	 0.8405	 0.13500000  0.13500000  0.18000000  0.31500000  |  -0.02125394 -0.04708063 -0.00950739 -0.00017418 -0.00073999 
0.6535	 0.8405	 0.13500000  0.13500000  0.18000000  4.50000000  |  -0.02130167 -0.04749844 -0.00985236 -0.00026867 0.00000000  
0.6535	 0.8405	 0.13500000  0.13500000  0.22500000  0.04500000  |  -0.01466867 -0.04954479 -0.00844962 -0.00060796 -0.00137132 
0.6535	 0.8405	 0.13500000  0.13500000  0.22500000  0.31500000  |  -0.01566471 -0.04986802 -0.01004631 -0.00057472 -0.00063968 
0.6535	 0.8405	 0.13500000  0.13500000  0.22500000  4.50000000  |  -0.01605647 -0.05026251 -0.01035624 -0.00056632 0.00000000  
0.6535	 0.8405	 0.13500000  0.13500000  0.31500000  0.04500000  |  -0.00837621 -0.05340587 -0.00933214 -0.00170159 -0.00099686 
0.6535	 0.8405	 0.13500000  0.13500000  0.31500000  0.31500000  |  -0.00914335 -0.05379444 -0.01093628 -0.00187054 -0.00043630 
0.6535	 0.8405	 0.13500000  0.13500000  0.31500000  4.50000000  |  -0.00927415 -0.05408125 -0.01124699 -0.00175879 0.00000000  
0.6535	 0.8405	 0.13500000  0.13500000  0.45000000  0.04500000  |  -0.00401855 -0.05632879 -0.01018079 -0.00457187 -0.00060384 
0.6535	 0.8405	 0.13500000  0.13500000  0.45000000  0.31500000  |  -0.00446415 -0.05686501 -0.01180003 -0.00460677 -0.00027008 
0.6535	 0.8405	 0.13500000  0.13500000  0.45000000  4.50000000  |  -0.00460762 -0.05704375 -0.01204596 -0.00463546 0.00000000  
0.6535	 0.8405	 0.13500000  0.13500000  0.63000000  0.04500000  |  -0.00176419 -0.05827295 -0.01074962 -0.00999748 -0.00025586 
0.6535	 0.8405	 0.13500000  0.13500000  0.63000000  0.31500000  |  -0.00188953 -0.05873865 -0.01236677 -0.01007066 -0.00011460 
0.6535	 0.8405	 0.13500000  0.13500000  0.63000000  4.50000000  |  -0.00190736 -0.05895886 -0.01260636 -0.01011244 0.00000000  
0.6535	 0.8405	 0.13500000  0.13500000  0.81000000  0.04500000  |  -0.00078271 -0.05893808 -0.01101101 -0.01659713 -0.00012469 
0.6535	 0.8405	 0.13500000  0.13500000  0.81000000  0.31500000  |  -0.00078585 -0.05970769 -0.01261969 -0.01667723 -0.00007133 
0.6535	 0.8405	 0.13500000  0.13500000  0.81000000  4.50000000  |  -0.00089570 -0.05969847 -0.01283848 -0.01670772 0.00000000  
0.6535	 0.8405	 0.13500000  0.13500000  4.50000000  0.04500000  |  0.00000000  -0.05945105 -0.01123049 -0.19106180 0.00000000  
0.6535	 0.8405	 0.13500000  0.13500000  4.50000000  0.31500000  |  0.00000000  -0.06012126 -0.01283967 -0.19105506 0.00000000  
0.6535	 0.8405	 0.13500000  0.13500000  4.50000000  4.50000000  |  0.00000000  -0.06022991 -0.01312092 -0.19066052 0.00000000  
0.6535	 0.8405	 0.13500000  0.90000000  0.02250000  0.04500000  |  -0.16298068 -0.02793862 -0.00504485 0.00001912  -0.00005052 
0.6535	 0.8405	 0.13500000  0.90000000  0.02250000  0.31500000  |  -0.16466168 -0.02830115 -0.00639406 -0.00000423 -0.00004923 
0.6535	 0.8405	 0.13500000  0.90000000  0.02250000  4.50000000  |  -0.16450922 -0.02820957 -0.00660637 -0.00000322 0.00000000  
0.6535	 0.8405	 0.13500000  0.90000000  0.04050000  0.04500000  |  -0.09726984 -0.03087974 -0.00538931 0.00001889  -0.00006207 
0.6535	 0.8405	 0.13500000  0.90000000  0.04050000  0.31500000  |  -0.09879500 -0.03091013 -0.00672274 -0.00000435 -0.00004010 
0.6535	 0.8405	 0.13500000  0.90000000  0.04050000  4.50000000  |  -0.09923603 -0.03100389 -0.00694956 -0.00000049 0.00000000  
0.6535	 0.8405	 0.13500000  0.90000000  0.04500000  0.04500000  |  -0.08899725 -0.03155512 -0.00546795 0.00001881  -0.00006259 
0.6535	 0.8405	 0.13500000  0.90000000  0.04500000  0.31500000  |  -0.09046036 -0.03158243 -0.00680441 -0.00000433 -0.00004010 
0.6535	 0.8405	 0.13500000  0.90000000  0.04500000  4.50000000  |  -0.09053131 -0.03154484 -0.00699466 -0.00000069 0.00000000  
0.6535	 0.8405	 0.13500000  0.90000000  0.09000000  0.04500000  |  -0.04791070 -0.03762596 -0.00625141 -0.00000680 -0.00005658 
0.6535	 0.8405	 0.13500000  0.90000000  0.09000000  0.31500000  |  -0.04906043 -0.03774858 -0.00764643 -0.00002206 -0.00004299 
0.6535	 0.8405	 0.13500000  0.90000000  0.09000000  4.50000000  |  -0.04924103 -0.03775805 -0.00785945 -0.00002605 0.00000000  
0.6535	 0.8405	 0.13500000  0.90000000  0.13500000  0.04500000  |  -0.03145009 -0.04250277 -0.00701336 -0.00015635 -0.00005908 
0.6535	 0.8405	 0.13500000  0.90000000  0.13500000  0.31500000  |  -0.03191123 -0.04306851 -0.00845325 -0.00006781 -0.00004076 
0.6535	 0.8405	 0.13500000  0.90000000  0.13500000  4.50000000  |  -0.03229039 -0.04269703 -0.00865114 -0.00008232 0.00000000  
0.6535	 0.8405	 0.13500000  0.90000000  0.18000000  0.04500000  |  -0.02225122 -0.04630815 -0.00769334 -0.00046103 -0.00005863 
0.6535	 0.8405	 0.13500000  0.90000000  0.18000000  0.31500000  |  -0.02295733 -0.04678267 -0.00917776 -0.00009152 -0.00004077 
0.6535	 0.8405	 0.13500000  0.90000000  0.18000000  4.50000000  |  -0.02311291 -0.04649583 -0.00936337 -0.00042051 0.00000000  
0.6535	 0.8405	 0.13500000  0.90000000  0.22500000  0.04500000  |  -0.01650685 -0.04925951 -0.00828956 -0.00086552 -0.00005847 
0.6535	 0.8405	 0.13500000  0.90000000  0.22500000  0.31500000  |  -0.01699405 -0.04959153 -0.00975384 -0.00084484 -0.00004268 
0.6535	 0.8405	 0.13500000  0.90000000  0.22500000  4.50000000  |  -0.01725038 -0.04944495 -0.00997748 -0.00081445 0.00000000  
0.6535	 0.8405	 0.13500000  0.90000000  0.31500000  0.04500000  |  -0.00971276 -0.05320208 -0.00920122 -0.00236073 -0.00005281 
0.6535	 0.8405	 0.13500000  0.90000000  0.31500000  0.31500000  |  -0.01012068 -0.05335367 -0.01069440 -0.00236265 -0.00003353 
0.6535	 0.8405	 0.13500000  0.90000000  0.31500000  4.50000000  |  -0.01017521 -0.05349960 -0.01095088 -0.00231725 0.00000000  
0.6535	 0.8405	 0.13500000  0.90000000  0.45000000  0.04500000  |  -0.00483461 -0.05602498 -0.01008474 -0.00567419 -0.00004524 
0.6535	 0.8405	 0.13500000  0.90000000  0.45000000  0.31500000  |  -0.00522025 -0.05681365 -0.01160397 -0.00560817 -0.00003679 
0.6535	 0.8405	 0.13500000  0.90000000  0.45000000  4.50000000  |  -0.00512075 -0.05668551 -0.01187779 -0.00573233 0.00000000  
0.6535	 0.8405	 0.13500000  0.90000000  0.63000000  0.04500000  |  -0.00213083 -0.05789560 -0.01068500 -0.01151971 -0.00003257 
0.6535	 0.8405	 0.13500000  0.90000000  0.63000000  0.31500000  |  -0.00217005 -0.05862372 -0.01225805 -0.01150323 -0.00002662 
0.6535	 0.8405	 0.13500000  0.90000000  0.63000000  4.50000000  |  -0.00214690 -0.05881263 -0.01252120 -0.01159243 0.00000000  
0.6535	 0.8405	 0.13500000  0.90000000  0.81000000  0.04500000  |  -0.00094396 -0.05874659 -0.01097942 -0.01836315 -0.00002105 
0.6535	 0.8405	 0.13500000  0.90000000  0.81000000  0.31500000  |  -0.00104727 -0.05947146 -0.01257625 -0.01854580 -0.00001452 
0.6535	 0.8405	 0.13500000  0.90000000  0.81000000  4.50000000  |  -0.00094869 -0.05962312 -0.01281962 -0.01844236 0.00000000  
0.6535	 0.8405	 0.13500000  0.90000000  4.50000000  0.04500000  |  0.00000000  -0.05961224 -0.01122117 -0.20666933 0.00000000  
0.6535	 0.8405	 0.13500000  0.90000000  4.50000000  0.31500000  |  0.00000000  -0.06011007 -0.01284651 -0.20750317 0.00000000  
0.6535	 0.8405	 0.13500000  0.90000000  4.50000000  4.50000000  |  0.00000000  -0.06032855 -0.01306722 -0.20708133 0.00000000  
0.6535	 0.8405	 0.90000000  0.04500000  0.02250000  0.04500000  |  -0.15371272 -0.16558528 -0.02914595 0.00000205  -0.00727773 
0.6535	 0.8405	 0.90000000  0.04500000  0.02250000  0.31500000  |  -0.15649486 -0.16631756 -0.02967342 0.00002484  -0.00264215 
0.6535	 0.8405	 0.90000000  0.04500000  0.02250000  4.50000000  |  -0.15756796 -0.16904559 -0.03017585 0.00000512  0.00000000  
0.6535	 0.8405	 0.90000000  0.04500000  0.04050000  0.04500000  |  -0.09025221 -0.16842479 -0.02961171 0.00000120  -0.00658388 
0.6535	 0.8405	 0.90000000  0.04500000  0.04050000  0.31500000  |  -0.09352307 -0.16879184 -0.03005002 0.00002587  -0.00245873 
0.6535	 0.8405	 0.90000000  0.04500000  0.04050000  4.50000000  |  -0.09207461 -0.17048005 -0.03076787 0.00000311  0.00000000  
0.6535	 0.8405	 0.90000000  0.04500000  0.04500000  0.04500000  |  -0.08221817 -0.16902729 -0.02972387 0.00000085  -0.00640410 
0.6535	 0.8405	 0.90000000  0.04500000  0.04500000  0.31500000  |  -0.08534066 -0.16932947 -0.03020657 0.00002581  -0.00247462 
0.6535	 0.8405	 0.90000000  0.04500000  0.04500000  4.50000000  |  -0.08535093 -0.17182605 -0.03069337 0.00000308  0.00000000  
0.6535	 0.8405	 0.90000000  0.04500000  0.09000000  0.04500000  |  -0.04299449 -0.17492538 -0.03076630 0.00002087  -0.00493472 
0.6535	 0.8405	 0.90000000  0.04500000  0.09000000  0.31500000  |  -0.04498603 -0.17557487 -0.03132960 -0.00002806 -0.00204985 
0.6535	 0.8405	 0.90000000  0.04500000  0.09000000  4.50000000  |  -0.04533975 -0.17650282 -0.03175831 -0.00002754 0.00000000  
0.6535	 0.8405	 0.90000000  0.04500000  0.13500000  0.04500000  |  -0.02719515 -0.18037680 -0.03171698 -0.00011347 -0.00410774 
0.6535	 0.8405	 0.90000000  0.04500000  0.13500000  0.31500000  |  -0.02941808 -0.17965792 -0.03218362 -0.00014565 -0.00182228 
0.6535	 0.8405	 0.90000000  0.04500000  0.13500000  4.50000000  |  -0.02915314 -0.18183609 -0.03253979 -0.00013299 0.00000000  
0.6535	 0.8405	 0.90000000  0.04500000  0.18000000  0.04500000  |  -0.01914064 -0.18382443 -0.03268219 -0.00031641 -0.00344590 
0.6535	 0.8405	 0.90000000  0.04500000  0.18000000  0.31500000  |  -0.02088314 -0.18357149 -0.03297873 -0.00051258 -0.00158176 
0.6535	 0.8405	 0.90000000  0.04500000  0.18000000  4.50000000  |  -0.02103753 -0.18445357 -0.03326044 -0.00038440 0.00000000  
0.6535	 0.8405	 0.90000000  0.04500000  0.22500000  0.04500000  |  -0.01407399 -0.18624411 -0.03336756 -0.00076448 -0.00284575 
0.6535	 0.8405	 0.90000000  0.04500000  0.22500000  0.31500000  |  -0.01548107 -0.18636226 -0.03367600 -0.00077930 -0.00128571 
0.6535	 0.8405	 0.90000000  0.04500000  0.22500000  4.50000000  |  -0.01523365 -0.18672279 -0.03395030 -0.00083004 0.00000000  
0.6535	 0.8405	 0.90000000  0.04500000  0.31500000  0.04500000  |  -0.00804914 -0.19001626 -0.03441183 -0.00226214 -0.00199682 
0.6535	 0.8405	 0.90000000  0.04500000  0.31500000  0.31500000  |  -0.00908418 -0.18954297 -0.03466863 -0.00218044 -0.00096082 
0.6535	 0.8405	 0.90000000  0.04500000  0.31500000  4.50000000  |  -0.00915864 -0.19090996 -0.03486916 -0.00218498 0.00000000  
0.6535	 0.8405	 0.90000000  0.04500000  0.45000000  0.04500000  |  -0.00383263 -0.19305833 -0.03537391 -0.00541342 -0.00112180 
0.6535	 0.8405	 0.90000000  0.04500000  0.45000000  0.31500000  |  -0.00461821 -0.19318134 -0.03538945 -0.00542869 -0.00044880 
0.6535	 0.8405	 0.90000000  0.04500000  0.45000000  4.50000000  |  -0.00445289 -0.19400388 -0.03577159 -0.00574774 0.00000000  
0.6535	 0.8405	 0.90000000  0.04500000  0.63000000  0.04500000  |  -0.00158597 -0.19525045 -0.03575722 -0.01123770 -0.00035970 
0.6535	 0.8405	 0.90000000  0.04500000  0.63000000  0.31500000  |  -0.00209268 -0.19472438 -0.03619814 -0.01119093 -0.00028541 
0.6535	 0.8405	 0.90000000  0.04500000  0.63000000  4.50000000  |  -0.00196880 -0.19527573 -0.03614374 -0.01139624 0.00000000  
0.6535	 0.8405	 0.90000000  0.04500000  0.81000000  0.04500000  |  -0.00072859 -0.19626152 -0.03621302 -0.01789228 -0.00018122 
0.6535	 0.8405	 0.90000000  0.04500000  0.81000000  0.31500000  |  -0.00109030 -0.19621854 -0.03644153 -0.01804155 -0.00013894 
0.6535	 0.8405	 0.90000000  0.04500000  0.81000000  4.50000000  |  -0.00101574 -0.19599668 -0.03654821 -0.01805735 0.00000000  
0.6535	 0.8405	 0.90000000  0.04500000  4.50000000  0.04500000  |  0.00000000  -0.19670932 -0.03629889 -0.19126565 0.00000000  
0.6535	 0.8405	 0.90000000  0.04500000  4.50000000  0.31500000  |  0.00000000  -0.19658292 -0.03649846 -0.19121146 0.00000000  
0.6535	 0.8405	 0.90000000  0.04500000  4.50000000  4.50000000  |  0.00000000  -0.19711426 -0.03673419 -0.19129191 0.00000000  
0.6535	 0.8405	 0.90000000  0.13500000  0.02250000  0.04500000  |  -0.16055015 -0.16406489 -0.02852044 0.00001910  -0.00328314 
0.6535	 0.8405	 0.90000000  0.13500000  0.02250000  0.31500000  |  -0.16273430 -0.16450552 -0.02896071 -0.00000424 -0.00147310 
0.6535	 0.8405	 0.90000000  0.13500000  0.02250000  4.50000000  |  -0.16151469 -0.16530576 -0.02927276 0.00003604  0.00000000  
0.6535	 0.8405	 0.90000000  0.13500000  0.04050000  0.04500000  |  -0.09632257 -0.16746866 -0.02895476 0.00001861  -0.00309933 
0.6535	 0.8405	 0.90000000  0.13500000  0.04050000  0.31500000  |  -0.09709141 -0.16720168 -0.02939024 -0.00000429 -0.00164032 
0.6535	 0.8405	 0.90000000  0.13500000  0.04050000  4.50000000  |  -0.09831355 -0.16843238 -0.02968903 -0.00000073 0.00000000  
0.6535	 0.8405	 0.90000000  0.13500000  0.04500000  0.04500000  |  -0.08783392 -0.16800018 -0.02905814 0.00001856  -0.00305923 
0.6535	 0.8405	 0.90000000  0.13500000  0.04500000  0.31500000  |  -0.08895427 -0.16817283 -0.02948850 -0.00000427 -0.00145649 
0.6535	 0.8405	 0.90000000  0.13500000  0.04500000  4.50000000  |  -0.08724706 -0.16961984 -0.02983638 -0.00000069 0.00000000  
0.6535	 0.8405	 0.90000000  0.13500000  0.09000000  0.04500000  |  -0.04723751 -0.17387413 -0.03023094 -0.00000639 -0.00279386 
0.6535	 0.8405	 0.90000000  0.13500000  0.09000000  0.31500000  |  -0.04775438 -0.17429182 -0.03057097 -0.00002207 -0.00118451 
0.6535	 0.8405	 0.90000000  0.13500000  0.09000000  4.50000000  |  -0.04824257 -0.17498870 -0.03093991 -0.00002607 0.00000000  
0.6535	 0.8405	 0.90000000  0.13500000  0.13500000  0.04500000  |  -0.03049860 -0.17876768 -0.03129648 -0.00015740 -0.00233284 
0.6535	 0.8405	 0.90000000  0.13500000  0.13500000  0.31500000  |  -0.03156189 -0.17871494 -0.03163696 -0.00006774 -0.00124658 
0.6535	 0.8405	 0.90000000  0.13500000  0.13500000  4.50000000  |  -0.03186562 -0.17972831 -0.03190166 -0.00009494 0.00000000  
0.6535	 0.8405	 0.90000000  0.13500000  0.18000000  0.04500000  |  -0.02191990 -0.18243083 -0.03220455 -0.00047317 -0.00192404 
0.6535	 0.8405	 0.90000000  0.13500000  0.18000000  0.31500000  |  -0.02240105 -0.18295765 -0.03250972 -0.00009158 -0.00092459 
0.6535	 0.8405	 0.90000000  0.13500000  0.18000000  4.50000000  |  -0.02311300 -0.18341592 -0.03280895 -0.00042064 0.00000000  
0.6535	 0.8405	 0.90000000  0.13500000  0.22500000  0.04500000  |  -0.01632166 -0.18532811 -0.03297718 -0.00086718 -0.00169366 
0.6535	 0.8405	 0.90000000  0.13500000  0.22500000  0.31500000  |  -0.01673355 -0.18538160 -0.03321998 -0.00084530 -0.00083249 
0.6535	 0.8405	 0.90000000  0.13500000  0.22500000  4.50000000  |  -0.01696696 -0.18623773 -0.03352696 -0.00081505 0.00000000  
0.6535	 0.8405	 0.90000000  0.13500000  0.31500000  0.04500000  |  -0.00948686 -0.18978014 -0.03413244 -0.00236423 -0.00124388 
0.6535	 0.8405	 0.90000000  0.13500000  0.31500000  0.31500000  |  -0.01003324 -0.18916816 -0.03420343 -0.00236442 -0.00080563 
0.6535	 0.8405	 0.90000000  0.13500000  0.31500000  4.50000000  |  -0.01007489 -0.18999641 -0.03457724 -0.00231842 0.00000000  
0.6535	 0.8405	 0.90000000  0.13500000  0.45000000  0.04500000  |  -0.00491094 -0.19276652 -0.03493732 -0.00566256 -0.00053915 
0.6535	 0.8405	 0.90000000  0.13500000  0.45000000  0.31500000  |  -0.00503213 -0.19270226 -0.03543016 -0.00560419 -0.00042872 
0.6535	 0.8405	 0.90000000  0.13500000  0.45000000  4.50000000  |  -0.00504268 -0.19345072 -0.03557186 -0.00573300 0.00000000  
0.6535	 0.8405	 0.90000000  0.13500000  0.63000000  0.04500000  |  -0.00230933 -0.19500170 -0.03585384 -0.01152848 -0.00026335 
0.6535	 0.8405	 0.90000000  0.13500000  0.63000000  0.31500000  |  -0.00212579 -0.19534944 -0.03617070 -0.01150411 -0.00027757 
0.6535	 0.8405	 0.90000000  0.13500000  0.63000000  4.50000000  |  -0.00213024 -0.19524796 -0.03623662 -0.01159329 0.00000000  
0.6535	 0.8405	 0.90000000  0.13500000  0.81000000  0.04500000  |  -0.00105245 -0.19635179 -0.03655008 -0.01833929 -0.00012089 
0.6535	 0.8405	 0.90000000  0.13500000  0.81000000  0.31500000  |  -0.00083379 -0.19658342 -0.03664600 -0.01854660 -0.00001073 
0.6535	 0.8405	 0.90000000  0.13500000  0.81000000  4.50000000  |  -0.00117460 -0.19605101 -0.03675697 -0.01847357 0.00000000  
0.6535	 0.8405	 0.90000000  0.13500000  4.50000000  0.04500000  |  0.00000000  -0.19688668 -0.03653344 -0.19299495 0.00000000  
0.6535	 0.8405	 0.90000000  0.13500000  4.50000000  0.31500000  |  0.00000000  -0.19661644 -0.03649131 -0.19304257 0.00000000  
0.6535	 0.8405	 0.90000000  0.13500000  4.50000000  4.50000000  |  0.00000000  -0.19711948 -0.03671865 -0.19316760 0.00000000  
0.6535	 0.8405	 0.90000000  0.90000000  0.02250000  0.04500000  |  -0.16503395 -0.16366626 -0.02800306 -0.00000057 -0.00009729 
0.6535	 0.8405	 0.90000000  0.90000000  0.02250000  0.31500000  |  -0.16698395 -0.16368310 -0.02823852 0.00000089  -0.00004739 
0.6535	 0.8405	 0.90000000  0.90000000  0.02250000  4.50000000  |  -0.16529896 -0.16284552 -0.02824691 -0.00000405 0.00000000  
0.6535	 0.8405	 0.90000000  0.90000000  0.04050000  0.04500000  |  -0.10112862 -0.16655810 -0.02850619 -0.00000079 -0.00010323 
0.6535	 0.8405	 0.90000000  0.90000000  0.04050000  0.31500000  |  -0.10113439 -0.16657979 -0.02877562 0.00000040  -0.00004538 
0.6535	 0.8405	 0.90000000  0.90000000  0.04050000  4.50000000  |  -0.10082233 -0.16658634 -0.02875432 -0.00000324 0.00000000  
0.6535	 0.8405	 0.90000000  0.90000000  0.04500000  0.04500000  |  -0.09279178 -0.16724276 -0.02862705 -0.00000278 -0.00010247 
0.6535	 0.8405	 0.90000000  0.90000000  0.04500000  0.31500000  |  -0.09234740 -0.16727990 -0.02888302 0.00000027  -0.00004456 
0.6535	 0.8405	 0.90000000  0.90000000  0.04500000  4.50000000  |  -0.09192929 -0.16741434 -0.02888185 -0.00000328 0.00000000  
0.6535	 0.8405	 0.90000000  0.90000000  0.09000000  0.04500000  |  -0.05069529 -0.17303324 -0.02982293 -0.00000978 -0.00010208 
0.6535	 0.8405	 0.90000000  0.90000000  0.09000000  0.31500000  |  -0.04985039 -0.17359395 -0.03028807 -0.00000958 -0.00005261 
0.6535	 0.8405	 0.90000000  0.90000000  0.09000000  4.50000000  |  -0.05090592 -0.17328311 -0.03010534 -0.00003015 0.00000000  
0.6535	 0.8405	 0.90000000  0.90000000  0.13500000  0.04500000  |  -0.03334617 -0.17846202 -0.03090253 -0.00010216 -0.00007395 
0.6535	 0.8405	 0.90000000  0.90000000  0.13500000  0.31500000  |  -0.03363173 -0.17882847 -0.03130360 -0.00003085 -0.00004373 
0.6535	 0.8405	 0.90000000  0.90000000  0.13500000  4.50000000  |  -0.03532339 -0.17649303 -0.03114793 -0.00018035 0.00000000  
0.6535	 0.8405	 0.90000000  0.90000000  0.18000000  0.04500000  |  -0.02428073 -0.18224976 -0.03191534 -0.00069029 -0.00008949 
0.6535	 0.8405	 0.90000000  0.90000000  0.18000000  0.31500000  |  -0.02413186 -0.18240543 -0.03231688 -0.00041955 -0.00004217 
0.6535	 0.8405	 0.90000000  0.90000000  0.18000000  4.50000000  |  -0.02546916 -0.18079432 -0.03211366 -0.00073295 0.00000000  
0.6535	 0.8405	 0.90000000  0.90000000  0.22500000  0.04500000  |  -0.01823828 -0.18527074 -0.03269529 -0.00142042 -0.00008109 
0.6535	 0.8405	 0.90000000  0.90000000  0.22500000  0.31500000  |  -0.01815743 -0.18522698 -0.03313509 -0.00140050 -0.00004251 
0.6535	 0.8405	 0.90000000  0.90000000  0.22500000  4.50000000  |  -0.01877165 -0.18545702 -0.03300624 -0.00142199 0.00000000  
0.6535	 0.8405	 0.90000000  0.90000000  0.31500000  0.04500000  |  -0.01126764 -0.18945132 -0.03397789 -0.00338689 -0.00005443 
0.6535	 0.8405	 0.90000000  0.90000000  0.31500000  0.31500000  |  -0.01122312 -0.18926222 -0.03422175 -0.00336335 -0.00003088 
0.6535	 0.8405	 0.90000000  0.90000000  0.31500000  4.50000000  |  -0.01112234 -0.18929682 -0.03421104 -0.00335313 0.00000000  
0.6535	 0.8405	 0.90000000  0.90000000  0.45000000  0.04500000  |  -0.00565494 -0.19286648 -0.03512806 -0.00679246 -0.00004453 
0.6535	 0.8405	 0.90000000  0.90000000  0.45000000  0.31500000  |  -0.00563544 -0.19286263 -0.03530750 -0.00688184 -0.00002508 
0.6535	 0.8405	 0.90000000  0.90000000  0.45000000  4.50000000  |  -0.00565879 -0.19292323 -0.03535000 -0.00673890 0.00000000  
0.6535	 0.8405	 0.90000000  0.90000000  0.63000000  0.04500000  |  -0.00235128 -0.19520311 -0.03592107 -0.01318988 -0.00002135 
0.6535	 0.8405	 0.90000000  0.90000000  0.63000000  0.31500000  |  -0.00215777 -0.19514412 -0.03599887 -0.01319234 -0.00000756 
0.6535	 0.8405	 0.90000000  0.90000000  0.63000000  4.50000000  |  -0.00230595 -0.19518531 -0.03615358 -0.01344288 0.00000000  
0.6535	 0.8405	 0.90000000  0.90000000  0.81000000  0.04500000  |  -0.00119592 -0.19594314 -0.03600367 -0.02020570 0.00001772  
0.6535	 0.8405	 0.90000000  0.90000000  0.81000000  0.31500000  |  -0.00064712 -0.19641257 -0.03629384 -0.02021813 0.00001196  
0.6535	 0.8405	 0.90000000  0.90000000  0.81000000  4.50000000  |  -0.00097121 -0.19607820 -0.03632010 -0.02047593 0.00000000  
0.6535	 0.8405	 0.90000000  0.90000000  4.50000000  0.04500000  |  0.00000000  -0.19662818 -0.03638768 -0.20904309 0.00000000  
0.6535	 0.8405	 0.90000000  0.90000000  4.50000000  0.31500000  |  0.00000000  -0.19672694 -0.03669261 -0.20928016 0.00000000  
0.6535	 0.8405	 0.90000000  0.90000000  4.50000000  4.50000000  |  0.00000000  -0.19691205 -0.03679080 -0.20932953 0.00000000  
