botcenter
4
0 -0.001
0.558 -0.001
0.558 0.001
0 0.001

9
botleft
4
-1.895 -0.001
0 -0.001
0 0.001
-1.895 0.001

botright
4
0.558 -0.001
1.3055 -0.001
1.3055 0.001
0.558 0.001

lEnv
8
-1.39042 0.3705
-0.49958 0.3705
-0.497195 0.3955
-0.496145 0.4065
-0.49042 0.4665
-1.39958 0.4665
-1.393855 0.4065
-1.392805 0.3955

c1
8
-0.44542 0.3705
0.44542 0.3705
0.447805 0.3955
0.448855 0.4065
0.45458 0.4665
-0.45458 0.4665
-0.448855 0.4065
-0.447805 0.3955

c2
8
0.49508 0.3705
0.62092 0.3705
0.623305 0.3955
0.624355 0.4065
0.63008 0.4665
0.48592 0.4665
0.491645 0.4065
0.492695 0.3955

rEnv
8
0.67508 0.3705
0.80092 0.3705
0.803305 0.3955
0.804355 0.4065
0.81008 0.4665
0.66592 0.4665
0.671645 0.4065
0.672695 0.3955

topleft
4
-1.895 0.7415
0 0.7415
0 0.8405
-1.895 0.8405

topcenter
4
0 0.7415
0.558 0.7415
0.558 0.8405
0 0.8405

topright
4
0.558 0.7415
1.3055 0.7415
1.3055 0.8405
0.558 0.8405


27
FOXA+FOXB+TOX
6
-1.895 0.001
0 0.001
0.558 0.001
1.3055 0.001
1.3055 0.2665
-1.895 0.2665
4

ILD1a
4
-1.895 0.2665
1.3055 0.2665
1.3055 0.2765
-1.895 0.2765
7

ILD1b1+ILD1b2
12
-1.895 0.2765
1.3055 0.2765
1.3055 0.3705
0.80092 0.3705
0.67508 0.3705
0.62092 0.3705
0.49508 0.3705
0.44542 0.3705
-0.44542 0.3705
-0.49958 0.3705
-1.39042 0.3705
-1.895 0.3705
4

ILD1b3
4
-1.895 0.3705
-1.39042 0.3705
-1.392805 0.3955
-1.895 0.3955
4

ILD1b3
4
-0.49958 0.3705
-0.44542 0.3705
-0.447805 0.3955
-0.497195 0.3955
4

ILD1b3
4
0.44542 0.3705
0.49508 0.3705
0.492695 0.3955
0.447805 0.3955
4

ILD1b3
4
0.62092 0.3705
0.67508 0.3705
0.672695 0.3955
0.623305 0.3955
4

ILD1b3
4
0.80092 0.3705
1.3055 0.3705
1.3055 0.3955
0.803305 0.3955
4

IMD1a
4
-1.895 0.3955
-1.392805 0.3955
-1.393855 0.4065
-1.895 0.4065
5.2

IMD1a
4
-0.497195 0.3955
-0.447805 0.3955
-0.448855 0.4065
-0.496145 0.4065
5.2

IMD1a
4
0.447805 0.3955
0.492695 0.3955
0.491645 0.4065
0.448855 0.4065
5.2

IMD1a
4
0.623305 0.3955
0.672695 0.3955
0.671645 0.4065
0.624355 0.4065
5.2

IMD1a
4
0.803305 0.3955
1.3055 0.3955
1.3055 0.4065
0.804355 0.4065
5.2

IMD1b
4
-1.895 0.4065
-1.393855 0.4065
-1.39958 0.4665
-1.895 0.4665
2.8

IMD1b
4
-0.496145 0.4065
-0.448855 0.4065
-0.45458 0.4665
-0.49042 0.4665
2.8

IMD1b
4
0.448855 0.4065
0.491645 0.4065
0.48592 0.4665
0.45458 0.4665
2.8

IMD1b
4
0.624355 0.4065
0.671645 0.4065
0.66592 0.4665
0.63008 0.4665
2.8

IMD1b
4
0.804355 0.4065
1.3055 0.4065
1.3055 0.4665
0.81008 0.4665
2.8

IMD2a
12
-1.895 0.4665
-1.39958 0.4665
-0.49042 0.4665
-0.45458 0.4665
0.45458 0.4665
0.48592 0.4665
0.63008 0.4665
0.66592 0.4665
0.81008 0.4665
1.3055 0.4665
1.3055 0.4875
-1.895 0.4875
5.2

IMD2b
4
-1.895 0.4875
1.3055 0.4875
1.3055 0.5025
-1.895 0.5025
4.2

IMD2c
4
-1.895 0.5025
1.3055 0.5025
1.3055 0.5265
-1.895 0.5265
3.28

IMD2d1+IMD2d2
4
-1.895 0.5265
1.3055 0.5265
1.3055 0.6535
-1.895 0.6535
2.65

IMD3a
4
-1.895 0.6535
1.3055 0.6535
1.3055 0.6745
-1.895 0.6745
5.2

IMD3b
4
-1.895 0.6745
1.3055 0.6745
1.3055 0.6895
-1.895 0.6895
4.2

IMD3c
4
-1.895 0.6895
1.3055 0.6895
1.3055 0.7135
-1.895 0.7135
3.28

IMD3d1
4
-1.895 0.7135
1.3055 0.7135
1.3055 0.7315
-1.895 0.7315
2.65

IMD3d1_damage
6
-1.895 0.7315
1.3055 0.7315
1.3055 0.7415
0.558 0.7415
0 0.7415
-1.895 0.7415
3.1


4
-1.895 0.001
1.3055 0.001
1.3055 0.7415
-1.895 0.7415

