botcenter
4
0 -0.001
1.1475 -0.001
1.1475 0.001
0 0.001

9
botleft
4
-0.7475 -0.001
0 -0.001
0 0.001
-0.7475 0.001

botright
4
1.1475 -0.001
3.0425 -0.001
3.0425 0.001
1.1475 0.001

lEnv
8
-0.24292 0.3705
-0.11708 0.3705
-0.114695 0.3955
-0.113645 0.4065
-0.10792 0.4665
-0.25208 0.4665
-0.246355 0.4065
-0.245305 0.3955

c1
8
-0.06292 0.3705
0.06292 0.3705
0.065305 0.3955
0.066355 0.4065
0.07208 0.4665
-0.07208 0.4665
-0.066355 0.4065
-0.065305 0.3955

c2
8
0.70208 0.3705
1.59292 0.3705
1.595305 0.3955
1.596355 0.4065
1.60208 0.4665
0.69292 0.4665
0.698645 0.4065
0.699695 0.3955

rEnv
8
1.64708 0.3705
2.53792 0.3705
2.540305 0.3955
2.541355 0.4065
2.54708 0.4665
1.63792 0.4665
1.643645 0.4065
1.644695 0.3955

topleft
4
-0.7475 0.7415
0 0.7415
0 0.8405
-0.7475 0.8405

topcenter
4
0 0.7415
1.1475 0.7415
1.1475 0.8405
0 0.8405

topright
4
1.1475 0.7415
3.0425 0.7415
3.0425 0.8405
1.1475 0.8405


28
FOXA+FOXB+TOX
7
-0.7476 0.001
-0.7475 0.001
0 0.001
1.1475 0.001
3.0425 0.001
3.0425 0.2665
-0.7476 0.2665
4

ILD1a
4
-0.7476 0.2665
3.0425 0.2665
3.0425 0.2765
-0.7476 0.2765
7

ILD1b1+ILD1b2
12
-0.7476 0.2765
3.0425 0.2765
3.0425 0.3705
2.53792 0.3705
1.64708 0.3705
1.59292 0.3705
0.70208 0.3705
0.06292 0.3705
-0.06292 0.3705
-0.11708 0.3705
-0.24292 0.3705
-0.7476 0.3705
4

ILD1b3
4
-0.7476 0.3705
-0.24292 0.3705
-0.245305 0.3955
-0.7476 0.3955
4

ILD1b3
4
-0.11708 0.3705
-0.06292 0.3705
-0.065305 0.3955
-0.114695 0.3955
4

ILD1b3
4
0.06292 0.3705
0.70208 0.3705
0.699695 0.3955
0.065305 0.3955
4

ILD1b3
4
1.59292 0.3705
1.64708 0.3705
1.644695 0.3955
1.595305 0.3955
4

ILD1b3
4
2.53792 0.3705
3.0425 0.3705
3.0425 0.3955
2.540305 0.3955
4

IMD1a
4
-0.7476 0.3955
-0.245305 0.3955
-0.246355 0.4065
-0.7476 0.4065
5.2

IMD1a
4
-0.114695 0.3955
-0.065305 0.3955
-0.066355 0.4065
-0.113645 0.4065
5.2

IMD1a
4
0.065305 0.3955
0.699695 0.3955
0.698645 0.4065
0.066355 0.4065
5.2

IMD1a
4
1.595305 0.3955
1.644695 0.3955
1.643645 0.4065
1.596355 0.4065
5.2

IMD1a
4
2.540305 0.3955
3.0425 0.3955
3.0425 0.4065
2.541355 0.4065
5.2

IMD1b
4
-0.7476 0.4065
-0.246355 0.4065
-0.25208 0.4665
-0.7476 0.4665
2.8

IMD1b
4
-0.113645 0.4065
-0.066355 0.4065
-0.07208 0.4665
-0.10792 0.4665
2.8

IMD1b
4
0.066355 0.4065
0.698645 0.4065
0.69292 0.4665
0.07208 0.4665
2.8

IMD1b
4
1.596355 0.4065
1.643645 0.4065
1.63792 0.4665
1.60208 0.4665
2.8

IMD1b
4
2.541355 0.4065
3.0425 0.4065
3.0425 0.4665
2.54708 0.4665
2.8

IMD2a
12
-0.7476 0.4665
-0.25208 0.4665
-0.10792 0.4665
-0.07208 0.4665
0.07208 0.4665
0.69292 0.4665
1.60208 0.4665
1.63792 0.4665
2.54708 0.4665
3.0425 0.4665
3.0425 0.4875
-0.7476 0.4875
5.2

IMD2b
4
-0.7476 0.4875
3.0425 0.4875
3.0425 0.5025
-0.7476 0.5025
4.2

IMD2c
4
-0.7476 0.5025
3.0425 0.5025
3.0425 0.5265
-0.7476 0.5265
3.28

IMD2d1+IMD2d2
4
-0.7476 0.5265
3.0425 0.5265
3.0425 0.6535
-0.7476 0.6535
2.65

IMD3a
4
-0.7476 0.6535
3.0425 0.6535
3.0425 0.6745
-0.7476 0.6745
5.2

IMD3b
4
-0.7476 0.6745
3.0425 0.6745
3.0425 0.6895
-0.7476 0.6895
4.2

IMD3c
4
-0.7476 0.6895
3.0425 0.6895
3.0425 0.7135
-0.7476 0.7135
3.28

IMD3d1
5
-0.7476 0.7135
3.0425 0.7135
3.0425 0.7315
-0.7475 0.7315
-0.7476 0.7315
2.65

IMD3d1
4
-0.7476 0.7315
-0.7475 0.7315
-0.7475 0.7415
-0.7476 0.7415
2.65

IMD3d1_damage
6
-0.7475 0.7315
3.0425 0.7315
3.0425 0.7415
1.1475 0.7415
0 0.7415
-0.7475 0.7415
3.1


4
-0.7476 0.001
3.0425 0.001
3.0425 0.7415
-0.7476 0.7415

