botcenter
4
0 -0.001
0.9 -0.001
0.9 0.001
0 0.001

9
botleft
4
-1.0175 -0.001
0 -0.001
0 0.001
-1.0175 0.001

botright
4
0.9 -0.001
1.7825 -0.001
1.7825 0.001
0.9 0.001

lEnv
8
-0.51292 0.3705
-0.38708 0.3705
-0.384695 0.3955
-0.383645 0.4065
-0.37792 0.4665
-0.52208 0.4665
-0.516355 0.4065
-0.515305 0.3955

c1
8
-0.06292 0.3705
0.06292 0.3705
0.065305 0.3955
0.066355 0.4065
0.07208 0.4665
-0.07208 0.4665
-0.066355 0.4065
-0.065305 0.3955

c2
8
0.88208 0.3705
0.91792 0.3705
0.920305 0.3955
0.921355 0.4065
0.92708 0.4665
0.87292 0.4665
0.878645 0.4065
0.879695 0.3955

rEnv
8
1.24208 0.3705
1.27792 0.3705
1.280305 0.3955
1.281355 0.4065
1.28708 0.4665
1.23292 0.4665
1.238645 0.4065
1.239695 0.3955

topleft
4
-1.0175 0.7415
0 0.7415
0 0.8405
-1.0175 0.8405

topcenter
4
0 0.7415
0.9 0.7415
0.9 0.8405
0 0.8405

topright
4
0.9 0.7415
1.7825 0.7415
1.7825 0.8405
0.9 0.8405


27
FOXA+FOXB+TOX
6
-1.0175 0.001
0 0.001
0.9 0.001
1.7825 0.001
1.7825 0.2665
-1.0175 0.2665
4

ILD1a
4
-1.0175 0.2665
1.7825 0.2665
1.7825 0.2765
-1.0175 0.2765
7

ILD1b1+ILD1b2
12
-1.0175 0.2765
1.7825 0.2765
1.7825 0.3705
1.27792 0.3705
1.24208 0.3705
0.91792 0.3705
0.88208 0.3705
0.06292 0.3705
-0.06292 0.3705
-0.38708 0.3705
-0.51292 0.3705
-1.0175 0.3705
4

ILD1b3
4
-1.0175 0.3705
-0.51292 0.3705
-0.515305 0.3955
-1.0175 0.3955
4

ILD1b3
4
-0.38708 0.3705
-0.06292 0.3705
-0.065305 0.3955
-0.384695 0.3955
4

ILD1b3
4
0.06292 0.3705
0.88208 0.3705
0.879695 0.3955
0.065305 0.3955
4

ILD1b3
4
0.91792 0.3705
1.24208 0.3705
1.239695 0.3955
0.920305 0.3955
4

ILD1b3
4
1.27792 0.3705
1.7825 0.3705
1.7825 0.3955
1.280305 0.3955
4

IMD1a
4
-1.0175 0.3955
-0.515305 0.3955
-0.516355 0.4065
-1.0175 0.4065
5.2

IMD1a
4
-0.384695 0.3955
-0.065305 0.3955
-0.066355 0.4065
-0.383645 0.4065
5.2

IMD1a
4
0.065305 0.3955
0.879695 0.3955
0.878645 0.4065
0.066355 0.4065
5.2

IMD1a
4
0.920305 0.3955
1.239695 0.3955
1.238645 0.4065
0.921355 0.4065
5.2

IMD1a
4
1.280305 0.3955
1.7825 0.3955
1.7825 0.4065
1.281355 0.4065
5.2

IMD1b
4
-1.0175 0.4065
-0.516355 0.4065
-0.52208 0.4665
-1.0175 0.4665
2.8

IMD1b
4
-0.383645 0.4065
-0.066355 0.4065
-0.07208 0.4665
-0.37792 0.4665
2.8

IMD1b
4
0.066355 0.4065
0.878645 0.4065
0.87292 0.4665
0.07208 0.4665
2.8

IMD1b
4
0.921355 0.4065
1.238645 0.4065
1.23292 0.4665
0.92708 0.4665
2.8

IMD1b
4
1.281355 0.4065
1.7825 0.4065
1.7825 0.4665
1.28708 0.4665
2.8

IMD2a
12
-1.0175 0.4665
-0.52208 0.4665
-0.37792 0.4665
-0.07208 0.4665
0.07208 0.4665
0.87292 0.4665
0.92708 0.4665
1.23292 0.4665
1.28708 0.4665
1.7825 0.4665
1.7825 0.4875
-1.0175 0.4875
5.2

IMD2b
4
-1.0175 0.4875
1.7825 0.4875
1.7825 0.5025
-1.0175 0.5025
4.2

IMD2c
4
-1.0175 0.5025
1.7825 0.5025
1.7825 0.5265
-1.0175 0.5265
3.28

IMD2d1+IMD2d2
4
-1.0175 0.5265
1.7825 0.5265
1.7825 0.6535
-1.0175 0.6535
2.65

IMD3a
4
-1.0175 0.6535
1.7825 0.6535
1.7825 0.6745
-1.0175 0.6745
5.2

IMD3b
4
-1.0175 0.6745
1.7825 0.6745
1.7825 0.6895
-1.0175 0.6895
4.2

IMD3c
4
-1.0175 0.6895
1.7825 0.6895
1.7825 0.7135
-1.0175 0.7135
3.28

IMD3d1
4
-1.0175 0.7135
1.7825 0.7135
1.7825 0.7315
-1.0175 0.7315
2.65

IMD3d1_damage
6
-1.0175 0.7315
1.7825 0.7315
1.7825 0.7415
0.9 0.7415
0 0.7415
-1.0175 0.7415
3.1


4
-1.0175 0.001
1.7825 0.001
1.7825 0.7415
-1.0175 0.7415

