botcenter
4
0 -0.001
0.495 -0.001
0.495 0.001
0 0.001

9
botleft
4
-0.6125 -0.001
0 -0.001
0 0.001
-0.6125 0.001

botright
4
0.495 -0.001
2.39 -0.001
2.39 0.001
0.495 0.001

lEnv
8
-0.10792 0.3705
-0.07208 0.3705
-0.069695 0.3955
-0.068645 0.4065
-0.06292 0.4665
-0.11708 0.4665
-0.111355 0.4065
-0.110305 0.3955

c1
8
-0.01792 0.3705
0.01792 0.3705
0.020305 0.3955
0.021355 0.4065
0.02708 0.4665
-0.02708 0.4665
-0.021355 0.4065
-0.020305 0.3955

c2
8
0.04958 0.3705
0.94042 0.3705
0.942805 0.3955
0.943855 0.4065
0.94958 0.4665
0.04042 0.4665
0.046145 0.4065
0.047195 0.3955

rEnv
8
0.99458 0.3705
1.88542 0.3705
1.887805 0.3955
1.888855 0.4065
1.89458 0.4665
0.98542 0.4665
0.991145 0.4065
0.992195 0.3955

topleft
4
-0.6125 0.7415
0 0.7415
0 0.8405
-0.6125 0.8405

topcenter
4
0 0.7415
0.495 0.7415
0.495 0.8405
0 0.8405

topright
4
0.495 0.7415
2.39 0.7415
2.39 0.8405
0.495 0.8405


27
FOXA+FOXB+TOX
6
-0.6125 0.001
0 0.001
0.495 0.001
2.39 0.001
2.39 0.2665
-0.6125 0.2665
4

ILD1a
4
-0.6125 0.2665
2.39 0.2665
2.39 0.2765
-0.6125 0.2765
7

ILD1b1+ILD1b2
12
-0.6125 0.2765
2.39 0.2765
2.39 0.3705
1.88542 0.3705
0.99458 0.3705
0.94042 0.3705
0.04958 0.3705
0.01792 0.3705
-0.01792 0.3705
-0.07208 0.3705
-0.10792 0.3705
-0.6125 0.3705
4

ILD1b3
4
-0.6125 0.3705
-0.10792 0.3705
-0.110305 0.3955
-0.6125 0.3955
4

ILD1b3
4
-0.07208 0.3705
-0.01792 0.3705
-0.020305 0.3955
-0.069695 0.3955
4

ILD1b3
4
0.01792 0.3705
0.04958 0.3705
0.047195 0.3955
0.020305 0.3955
4

ILD1b3
4
0.94042 0.3705
0.99458 0.3705
0.992195 0.3955
0.942805 0.3955
4

ILD1b3
4
1.88542 0.3705
2.39 0.3705
2.39 0.3955
1.887805 0.3955
4

IMD1a
4
-0.6125 0.3955
-0.110305 0.3955
-0.111355 0.4065
-0.6125 0.4065
5.2

IMD1a
4
-0.069695 0.3955
-0.020305 0.3955
-0.021355 0.4065
-0.068645 0.4065
5.2

IMD1a
4
0.020305 0.3955
0.047195 0.3955
0.046145 0.4065
0.021355 0.4065
5.2

IMD1a
4
0.942805 0.3955
0.992195 0.3955
0.991145 0.4065
0.943855 0.4065
5.2

IMD1a
4
1.887805 0.3955
2.39 0.3955
2.39 0.4065
1.888855 0.4065
5.2

IMD1b
4
-0.6125 0.4065
-0.111355 0.4065
-0.11708 0.4665
-0.6125 0.4665
2.8

IMD1b
4
-0.068645 0.4065
-0.021355 0.4065
-0.02708 0.4665
-0.06292 0.4665
2.8

IMD1b
4
0.021355 0.4065
0.046145 0.4065
0.04042 0.4665
0.02708 0.4665
2.8

IMD1b
4
0.943855 0.4065
0.991145 0.4065
0.98542 0.4665
0.94958 0.4665
2.8

IMD1b
4
1.888855 0.4065
2.39 0.4065
2.39 0.4665
1.89458 0.4665
2.8

IMD2a
12
-0.6125 0.4665
-0.11708 0.4665
-0.06292 0.4665
-0.02708 0.4665
0.02708 0.4665
0.04042 0.4665
0.94958 0.4665
0.98542 0.4665
1.89458 0.4665
2.39 0.4665
2.39 0.4875
-0.6125 0.4875
5.2

IMD2b
4
-0.6125 0.4875
2.39 0.4875
2.39 0.5025
-0.6125 0.5025
4.2

IMD2c
4
-0.6125 0.5025
2.39 0.5025
2.39 0.5265
-0.6125 0.5265
3.28

IMD2d1+IMD2d2
4
-0.6125 0.5265
2.39 0.5265
2.39 0.6535
-0.6125 0.6535
2.65

IMD3a
4
-0.6125 0.6535
2.39 0.6535
2.39 0.6745
-0.6125 0.6745
5.2

IMD3b
4
-0.6125 0.6745
2.39 0.6745
2.39 0.6895
-0.6125 0.6895
4.2

IMD3c
4
-0.6125 0.6895
2.39 0.6895
2.39 0.7135
-0.6125 0.7135
3.28

IMD3d1
4
-0.6125 0.7135
2.39 0.7135
2.39 0.7315
-0.6125 0.7315
2.65

IMD3d1_damage
6
-0.6125 0.7315
2.39 0.7315
2.39 0.7415
0.495 0.7415
0 0.7415
-0.6125 0.7415
3.1


4
-0.6125 0.001
2.39 0.001
2.39 0.7415
-0.6125 0.7415

