botcenter
4
0 -0.001
0.7425 -0.001
0.7425 0.001
0 0.001

9
botleft
4
-1.895 -0.001
0 -0.001
0 0.001
-1.895 0.001

botright
4
0.7425 -0.001
1.49 -0.001
1.49 0.001
0.7425 0.001

lEnv
8
-1.39042 0.3705
-0.49958 0.3705
-0.497195 0.3955
-0.496145 0.4065
-0.49042 0.4665
-1.39958 0.4665
-1.393855 0.4065
-1.392805 0.3955

c1
8
-0.44542 0.3705
0.44542 0.3705
0.447805 0.3955
0.448855 0.4065
0.45458 0.4665
-0.45458 0.4665
-0.448855 0.4065
-0.447805 0.3955

c2
8
0.67958 0.3705
0.80542 0.3705
0.807805 0.3955
0.808855 0.4065
0.81458 0.4665
0.67042 0.4665
0.676145 0.4065
0.677195 0.3955

rEnv
8
0.85958 0.3705
0.98542 0.3705
0.987805 0.3955
0.988855 0.4065
0.99458 0.4665
0.85042 0.4665
0.856145 0.4065
0.857195 0.3955

topleft
4
-1.895 0.7415
0 0.7415
0 0.8405
-1.895 0.8405

topcenter
4
0 0.7415
0.7425 0.7415
0.7425 0.8405
0 0.8405

topright
4
0.7425 0.7415
1.49 0.7415
1.49 0.8405
0.7425 0.8405


27
FOXA+FOXB+TOX
6
-1.895 0.001
0 0.001
0.7425 0.001
1.49 0.001
1.49 0.2665
-1.895 0.2665
4

ILD1a
4
-1.895 0.2665
1.49 0.2665
1.49 0.2765
-1.895 0.2765
7

ILD1b1+ILD1b2
12
-1.895 0.2765
1.49 0.2765
1.49 0.3705
0.98542 0.3705
0.85958 0.3705
0.80542 0.3705
0.67958 0.3705
0.44542 0.3705
-0.44542 0.3705
-0.49958 0.3705
-1.39042 0.3705
-1.895 0.3705
4

ILD1b3
4
-1.895 0.3705
-1.39042 0.3705
-1.392805 0.3955
-1.895 0.3955
4

ILD1b3
4
-0.49958 0.3705
-0.44542 0.3705
-0.447805 0.3955
-0.497195 0.3955
4

ILD1b3
4
0.44542 0.3705
0.67958 0.3705
0.677195 0.3955
0.447805 0.3955
4

ILD1b3
4
0.80542 0.3705
0.85958 0.3705
0.857195 0.3955
0.807805 0.3955
4

ILD1b3
4
0.98542 0.3705
1.49 0.3705
1.49 0.3955
0.987805 0.3955
4

IMD1a
4
-1.895 0.3955
-1.392805 0.3955
-1.393855 0.4065
-1.895 0.4065
5.2

IMD1a
4
-0.497195 0.3955
-0.447805 0.3955
-0.448855 0.4065
-0.496145 0.4065
5.2

IMD1a
4
0.447805 0.3955
0.677195 0.3955
0.676145 0.4065
0.448855 0.4065
5.2

IMD1a
4
0.807805 0.3955
0.857195 0.3955
0.856145 0.4065
0.808855 0.4065
5.2

IMD1a
4
0.987805 0.3955
1.49 0.3955
1.49 0.4065
0.988855 0.4065
5.2

IMD1b
4
-1.895 0.4065
-1.393855 0.4065
-1.39958 0.4665
-1.895 0.4665
2.8

IMD1b
4
-0.496145 0.4065
-0.448855 0.4065
-0.45458 0.4665
-0.49042 0.4665
2.8

IMD1b
4
0.448855 0.4065
0.676145 0.4065
0.67042 0.4665
0.45458 0.4665
2.8

IMD1b
4
0.808855 0.4065
0.856145 0.4065
0.85042 0.4665
0.81458 0.4665
2.8

IMD1b
4
0.988855 0.4065
1.49 0.4065
1.49 0.4665
0.99458 0.4665
2.8

IMD2a
12
-1.895 0.4665
-1.39958 0.4665
-0.49042 0.4665
-0.45458 0.4665
0.45458 0.4665
0.67042 0.4665
0.81458 0.4665
0.85042 0.4665
0.99458 0.4665
1.49 0.4665
1.49 0.4875
-1.895 0.4875
5.2

IMD2b
4
-1.895 0.4875
1.49 0.4875
1.49 0.5025
-1.895 0.5025
4.2

IMD2c
4
-1.895 0.5025
1.49 0.5025
1.49 0.5265
-1.895 0.5265
3.28

IMD2d1+IMD2d2
4
-1.895 0.5265
1.49 0.5265
1.49 0.6535
-1.895 0.6535
2.65

IMD3a
4
-1.895 0.6535
1.49 0.6535
1.49 0.6745
-1.895 0.6745
5.2

IMD3b
4
-1.895 0.6745
1.49 0.6745
1.49 0.6895
-1.895 0.6895
4.2

IMD3c
4
-1.895 0.6895
1.49 0.6895
1.49 0.7135
-1.895 0.7135
3.28

IMD3d1
4
-1.895 0.7135
1.49 0.7135
1.49 0.7315
-1.895 0.7315
2.65

IMD3d1_damage
6
-1.895 0.7315
1.49 0.7315
1.49 0.7415
0.7425 0.7415
0 0.7415
-1.895 0.7415
3.1


4
-1.895 0.001
1.49 0.001
1.49 0.7415
-1.895 0.7415

