c1
8
-0.06292 0.3705
0.06292 0.3705
0.065305 0.3955
0.066355 0.4065
0.07208 0.4665
-0.07208 0.4665
-0.066355 0.4065
-0.065305 0.3955

7
botleft
4
-0.7475 -0.001
0 -0.001
0 0.001
-0.7475 0.001

botright
4
0 -0.001
0.7925 -0.001
0.7925 0.001
0 0.001

lEnv
8
-0.24292 0.3705
-0.11708 0.3705
-0.114695 0.3955
-0.113645 0.4065
-0.10792 0.4665
-0.25208 0.4665
-0.246355 0.4065
-0.245305 0.3955

c2
8
0.16208 0.3705
0.19792 0.3705
0.200305 0.3955
0.201355 0.4065
0.20708 0.4665
0.15292 0.4665
0.158645 0.4065
0.159695 0.3955

rEnv
8
0.25208 0.3705
0.28792 0.3705
0.290305 0.3955
0.291355 0.4065
0.29708 0.4665
0.24292 0.4665
0.248645 0.4065
0.249695 0.3955

topleft
4
-0.7475 0.7415
0 0.7415
0 0.8405
-0.7475 0.8405

topright
4
0 0.7415
0.7925 0.7415
0.7925 0.8405
0 0.8405


28
FOXA+FOXB+TOX
6
-0.7476 0.001
-0.7475 0.001
0 0.001
0.7925 0.001
0.7925 0.2665
-0.7476 0.2665
4

ILD1a
4
-0.7476 0.2665
0.7925 0.2665
0.7925 0.2765
-0.7476 0.2765
7

ILD1b1+ILD1b2
12
-0.7476 0.2765
0.7925 0.2765
0.7925 0.3705
0.28792 0.3705
0.25208 0.3705
0.19792 0.3705
0.16208 0.3705
0.06292 0.3705
-0.06292 0.3705
-0.11708 0.3705
-0.24292 0.3705
-0.7476 0.3705
4

ILD1b3
4
-0.7476 0.3705
-0.24292 0.3705
-0.245305 0.3955
-0.7476 0.3955
4

ILD1b3
4
-0.11708 0.3705
-0.06292 0.3705
-0.065305 0.3955
-0.114695 0.3955
4

ILD1b3
4
0.06292 0.3705
0.16208 0.3705
0.159695 0.3955
0.065305 0.3955
4

ILD1b3
4
0.19792 0.3705
0.25208 0.3705
0.249695 0.3955
0.200305 0.3955
4

ILD1b3
4
0.28792 0.3705
0.7925 0.3705
0.7925 0.3955
0.290305 0.3955
4

IMD1a
4
-0.7476 0.3955
-0.245305 0.3955
-0.246355 0.4065
-0.7476 0.4065
5.2

IMD1a
4
-0.114695 0.3955
-0.065305 0.3955
-0.066355 0.4065
-0.113645 0.4065
5.2

IMD1a
4
0.065305 0.3955
0.159695 0.3955
0.158645 0.4065
0.066355 0.4065
5.2

IMD1a
4
0.200305 0.3955
0.249695 0.3955
0.248645 0.4065
0.201355 0.4065
5.2

IMD1a
4
0.290305 0.3955
0.7925 0.3955
0.7925 0.4065
0.291355 0.4065
5.2

IMD1b
4
-0.7476 0.4065
-0.246355 0.4065
-0.25208 0.4665
-0.7476 0.4665
2.8

IMD1b
4
-0.113645 0.4065
-0.066355 0.4065
-0.07208 0.4665
-0.10792 0.4665
2.8

IMD1b
4
0.066355 0.4065
0.158645 0.4065
0.15292 0.4665
0.07208 0.4665
2.8

IMD1b
4
0.201355 0.4065
0.248645 0.4065
0.24292 0.4665
0.20708 0.4665
2.8

IMD1b
4
0.291355 0.4065
0.7925 0.4065
0.7925 0.4665
0.29708 0.4665
2.8

IMD2a
12
-0.7476 0.4665
-0.25208 0.4665
-0.10792 0.4665
-0.07208 0.4665
0.07208 0.4665
0.15292 0.4665
0.20708 0.4665
0.24292 0.4665
0.29708 0.4665
0.7925 0.4665
0.7925 0.4875
-0.7476 0.4875
5.2

IMD2b
4
-0.7476 0.4875
0.7925 0.4875
0.7925 0.5025
-0.7476 0.5025
4.2

IMD2c
4
-0.7476 0.5025
0.7925 0.5025
0.7925 0.5265
-0.7476 0.5265
3.28

IMD2d1+IMD2d2
4
-0.7476 0.5265
0.7925 0.5265
0.7925 0.6535
-0.7476 0.6535
2.65

IMD3a
4
-0.7476 0.6535
0.7925 0.6535
0.7925 0.6745
-0.7476 0.6745
5.2

IMD3b
4
-0.7476 0.6745
0.7925 0.6745
0.7925 0.6895
-0.7476 0.6895
4.2

IMD3c
4
-0.7476 0.6895
0.7925 0.6895
0.7925 0.7135
-0.7476 0.7135
3.28

IMD3d1
5
-0.7476 0.7135
0.7925 0.7135
0.7925 0.7315
-0.7475 0.7315
-0.7476 0.7315
2.65

IMD3d1
4
-0.7476 0.7315
-0.7475 0.7315
-0.7475 0.7415
-0.7476 0.7415
2.65

IMD3d1_damage
5
-0.7475 0.7315
0.7925 0.7315
0.7925 0.7415
0 0.7415
-0.7475 0.7415
3.1


4
-0.7476 0.001
0.7925 0.001
0.7925 0.7415
-0.7476 0.7415

