botcenter
4
0 -0.001
0.18 -0.001
0.18 0.001
0 0.001

9
botleft
4
-0.6125 -0.001
0 -0.001
0 0.001
-0.6125 0.001

botright
4
0.18 -0.001
0.9275 -0.001
0.9275 0.001
0.18 0.001

lEnv
8
-0.10792 0.3705
-0.07208 0.3705
-0.069695 0.3955
-0.068645 0.4065
-0.06292 0.4665
-0.11708 0.4665
-0.111355 0.4065
-0.110305 0.3955

c1
8
-0.01792 0.3705
0.01792 0.3705
0.020305 0.3955
0.021355 0.4065
0.02708 0.4665
-0.02708 0.4665
-0.021355 0.4065
-0.020305 0.3955

c2
8
0.11708 0.3705
0.24292 0.3705
0.245305 0.3955
0.246355 0.4065
0.25208 0.4665
0.10792 0.4665
0.113645 0.4065
0.114695 0.3955

rEnv
8
0.29708 0.3705
0.42292 0.3705
0.425305 0.3955
0.426355 0.4065
0.43208 0.4665
0.28792 0.4665
0.293645 0.4065
0.294695 0.3955

topleft
4
-0.6125 0.7415
0 0.7415
0 0.8405
-0.6125 0.8405

topcenter
4
0 0.7415
0.18 0.7415
0.18 0.8405
0 0.8405

topright
4
0.18 0.7415
0.9275 0.7415
0.9275 0.8405
0.18 0.8405


27
FOXA+FOXB+TOX
6
-0.6125 0.001
0 0.001
0.18 0.001
0.9275 0.001
0.9275 0.2665
-0.6125 0.2665
4

ILD1a
4
-0.6125 0.2665
0.9275 0.2665
0.9275 0.2765
-0.6125 0.2765
7

ILD1b1+ILD1b2
12
-0.6125 0.2765
0.9275 0.2765
0.9275 0.3705
0.42292 0.3705
0.29708 0.3705
0.24292 0.3705
0.11708 0.3705
0.01792 0.3705
-0.01792 0.3705
-0.07208 0.3705
-0.10792 0.3705
-0.6125 0.3705
4

ILD1b3
4
-0.6125 0.3705
-0.10792 0.3705
-0.110305 0.3955
-0.6125 0.3955
4

ILD1b3
4
-0.07208 0.3705
-0.01792 0.3705
-0.020305 0.3955
-0.069695 0.3955
4

ILD1b3
4
0.01792 0.3705
0.11708 0.3705
0.114695 0.3955
0.020305 0.3955
4

ILD1b3
4
0.24292 0.3705
0.29708 0.3705
0.294695 0.3955
0.245305 0.3955
4

ILD1b3
4
0.42292 0.3705
0.9275 0.3705
0.9275 0.3955
0.425305 0.3955
4

IMD1a
4
-0.6125 0.3955
-0.110305 0.3955
-0.111355 0.4065
-0.6125 0.4065
5.2

IMD1a
4
-0.069695 0.3955
-0.020305 0.3955
-0.021355 0.4065
-0.068645 0.4065
5.2

IMD1a
4
0.020305 0.3955
0.114695 0.3955
0.113645 0.4065
0.021355 0.4065
5.2

IMD1a
4
0.245305 0.3955
0.294695 0.3955
0.293645 0.4065
0.246355 0.4065
5.2

IMD1a
4
0.425305 0.3955
0.9275 0.3955
0.9275 0.4065
0.426355 0.4065
5.2

IMD1b
4
-0.6125 0.4065
-0.111355 0.4065
-0.11708 0.4665
-0.6125 0.4665
2.8

IMD1b
4
-0.068645 0.4065
-0.021355 0.4065
-0.02708 0.4665
-0.06292 0.4665
2.8

IMD1b
4
0.021355 0.4065
0.113645 0.4065
0.10792 0.4665
0.02708 0.4665
2.8

IMD1b
4
0.246355 0.4065
0.293645 0.4065
0.28792 0.4665
0.25208 0.4665
2.8

IMD1b
4
0.426355 0.4065
0.9275 0.4065
0.9275 0.4665
0.43208 0.4665
2.8

IMD2a
12
-0.6125 0.4665
-0.11708 0.4665
-0.06292 0.4665
-0.02708 0.4665
0.02708 0.4665
0.10792 0.4665
0.25208 0.4665
0.28792 0.4665
0.43208 0.4665
0.9275 0.4665
0.9275 0.4875
-0.6125 0.4875
5.2

IMD2b
4
-0.6125 0.4875
0.9275 0.4875
0.9275 0.5025
-0.6125 0.5025
4.2

IMD2c
4
-0.6125 0.5025
0.9275 0.5025
0.9275 0.5265
-0.6125 0.5265
3.28

IMD2d1+IMD2d2
4
-0.6125 0.5265
0.9275 0.5265
0.9275 0.6535
-0.6125 0.6535
2.65

IMD3a
4
-0.6125 0.6535
0.9275 0.6535
0.9275 0.6745
-0.6125 0.6745
5.2

IMD3b
4
-0.6125 0.6745
0.9275 0.6745
0.9275 0.6895
-0.6125 0.6895
4.2

IMD3c
4
-0.6125 0.6895
0.9275 0.6895
0.9275 0.7135
-0.6125 0.7135
3.28

IMD3d1
4
-0.6125 0.7135
0.9275 0.7135
0.9275 0.7315
-0.6125 0.7315
2.65

IMD3d1_damage
6
-0.6125 0.7315
0.9275 0.7315
0.9275 0.7415
0.18 0.7415
0 0.7415
-0.6125 0.7415
3.1


4
-0.6125 0.001
0.9275 0.001
0.9275 0.7415
-0.6125 0.7415

